Fold #: 1
features chosen shape: (2566, 11)
features before normalization: [[ 1.      0.      0.     ...  0.168   0.      0.    ]
 [ 2.      0.      0.     ...  0.      0.      0.    ]
 [ 1.      1.      0.     ... -0.7764  1.      0.    ]
 ...
 [ 0.      0.      0.     ...  0.6808  1.      0.    ]
 [ 1.      0.      1.     ... -0.4019  0.      0.    ]
 [ 5.      0.      0.     ... -0.6373  0.      1.    ]]
features after normalization: [[0.02173913 0.         0.         ... 0.58792131 0.         0.        ]
 [0.04347826 0.         0.         ... 0.50251639 0.         0.        ]
 [0.02173913 0.1        0.         ... 0.1078237  0.2        0.        ]
 ...
 [0.         0.         0.         ... 0.84860963 0.2        0.        ]
 [0.02173913 0.         0.14285714 ... 0.29820548 0.         0.        ]
 [0.10869565 0.         0.         ... 0.17853693 0.         0.2       ]]
encoded_tweets before tweets shape: (2566, 100)
before tweets extra_features shape: (2566, 11)
before encoded_tweets: [[-1.34030299e-03 -1.45667884e-03 -4.65139328e-03 ...  2.80651450e-03
   7.40675023e-05  1.78483815e-03]
 [ 8.92667973e-04 -6.26239320e-03 -7.26928352e-04 ...  3.75975529e-03
  -3.32192611e-03 -4.48668638e-04]
 [ 1.12698821e-03 -3.44675919e-03  1.87576661e-05 ...  5.07057365e-03
  -1.05045456e-03  8.06788739e-04]
 ...
 [ 2.52898294e-03 -4.71843686e-03  3.29813431e-03 ...  6.03944995e-04
   2.87481700e-04  1.63197203e-03]
 [ 1.39823038e-04  3.49152437e-03  4.18647472e-03 ...  2.18677358e-03
  -1.41496991e-03 -4.33196314e-03]
 [-3.93043226e-03  3.99154657e-03 -4.89768479e-03 ... -2.73613352e-03
  -4.86150431e-03  3.77199566e-03]]
final encoded_tweets shape: (2566, 111)
final encoded_tweets: [[-1.34030299e-03 -1.45667884e-03 -4.65139328e-03 ...  5.87921305e-01
   0.00000000e+00  0.00000000e+00]
 [ 8.92667973e-04 -6.26239320e-03 -7.26928352e-04 ...  5.02516395e-01
   0.00000000e+00  0.00000000e+00]
 [ 1.12698821e-03 -3.44675919e-03  1.87576661e-05 ...  1.07823700e-01
   2.00000000e-01  0.00000000e+00]
 ...
 [ 2.52898294e-03 -4.71843686e-03  3.29813431e-03 ...  8.48609628e-01
   2.00000000e-01  0.00000000e+00]
 [ 1.39823038e-04  3.49152437e-03  4.18647472e-03 ...  2.98205480e-01
   0.00000000e+00  0.00000000e+00]
 [-3.93043226e-03  3.99154657e-03 -4.89768479e-03 ...  1.78536933e-01
   0.00000000e+00  2.00000000e-01]]
Final encoded_tweets, after feature selection, shape: (2566, 111)
features chosen shape: (286, 11)
features before normalization: [[ 0.      2.      0.     ...  0.6467  0.      0.    ]
 [ 0.      0.      0.     ... -0.3599  0.      1.    ]
 [ 0.      0.      0.     ... -0.4145  2.      0.    ]
 ...
 [ 4.      0.      0.     ...  0.3612  0.      0.    ]
 [ 1.      0.      0.     ...  0.      0.      0.    ]
 [ 1.      0.      0.     ...  0.574   0.      0.    ]]
features after normalization: [[0.         0.2        0.         ... 0.83127446 0.         0.        ]
 [0.         0.         0.         ... 0.31955671 0.         0.2       ]
 [0.         0.         0.         ... 0.29180011 0.4        0.        ]
 ...
 [0.08695652 0.         0.         ... 0.68613695 0.         0.        ]
 [0.02173913 0.         0.         ... 0.50251639 0.         0.        ]
 [0.02173913 0.         0.         ... 0.79431651 0.         0.        ]]
encoded_tweets before tweets shape: (286, 100)
before tweets extra_features shape: (286, 11)
before encoded_tweets: [[ 0.02843271 -0.05184453 -0.00059124 ...  0.0316264   0.03822694
   0.0132625 ]
 [ 0.00824831 -0.01142358 -0.00367404 ...  0.00859323  0.00811248
   0.00332765]
 [ 0.00555405 -0.01581563  0.00236287 ...  0.01295745  0.01079846
  -0.00074089]
 ...
 [ 0.0212496  -0.03229836  0.00171701 ...  0.02245487  0.03110987
   0.00133442]
 [ 0.00437342 -0.0088069   0.00103368 ...  0.00670589  0.00558667
   0.00346496]
 [ 0.01984501 -0.03393634  0.00449093 ...  0.02147851  0.0217765
   0.00698256]]
final encoded_tweets shape: (286, 111)
final encoded_tweets: [[ 2.84327064e-02 -5.18445261e-02 -5.91236283e-04 ...  8.31274465e-01
   0.00000000e+00  0.00000000e+00]
 [ 8.24830867e-03 -1.14235785e-02 -3.67404032e-03 ...  3.19556708e-01
   0.00000000e+00  2.00000000e-01]
 [ 5.55405486e-03 -1.58156343e-02  2.36286852e-03 ...  2.91800112e-01
   4.00000000e-01  0.00000000e+00]
 ...
 [ 2.12495998e-02 -3.22983563e-02  1.71700760e-03 ...  6.86136953e-01
   0.00000000e+00  0.00000000e+00]
 [ 4.37342096e-03 -8.80689546e-03  1.03368016e-03 ...  5.02516395e-01
   0.00000000e+00  0.00000000e+00]
 [ 1.98450107e-02 -3.39363366e-02  4.49093059e-03 ...  7.94316507e-01
   0.00000000e+00  0.00000000e+00]]
Final encoded_tweets, after feature selection, shape: (286, 111)
Evaluating model...
Scores: [0.5999084131701009, 0.7272727489471436]
Classifier summary: None
ROC: 0.7405021888995119
Continued Avg: 0.7405021888995119
[[147  20]
 [ 58  61]]
Fold #: 2
features chosen shape: (2566, 11)
features before normalization: [[ 1.      0.      0.     ...  0.168   0.      0.    ]
 [ 1.      1.      0.     ... -0.7764  1.      0.    ]
 [ 1.      0.      0.     ... -0.5815  1.      0.    ]
 ...
 [ 0.      0.      0.     ...  0.6808  1.      0.    ]
 [ 1.      0.      1.     ... -0.4019  0.      0.    ]
 [ 5.      0.      0.     ... -0.6373  0.      1.    ]]
features after normalization: [[0.02173913 0.         0.         ... 0.59056324 0.         0.        ]
 [0.02173913 0.1        0.         ... 0.10830823 0.2        0.        ]
 [0.02173913 0.         0.         ... 0.20783332 0.2        0.        ]
 ...
 [0.         0.         0.         ... 0.85242302 0.2        0.        ]
 [0.02173913 0.         0.14285714 ... 0.29954552 0.         0.        ]
 [0.10869565 0.         0.         ... 0.17933922 0.         0.2       ]]
encoded_tweets before tweets shape: (2566, 100)
before tweets extra_features shape: (2566, 11)
before encoded_tweets: [[-0.00269439 -0.00326165 -0.00391134 ...  0.00140673  0.00071562
  -0.00251202]
 [-0.00019651 -0.00956564  0.00034072 ...  0.00273326 -0.0017597
  -0.0050044 ]
 [-0.00191269 -0.02059506  0.00468095 ...  0.00080529  0.00732874
  -0.01913813]
 ...
 [-0.00184024 -0.01260428  0.00755738 ... -0.00504489  0.00266802
  -0.01274519]
 [-0.00065008  0.00217967  0.0048066  ...  0.00110602 -0.00099248
  -0.00683133]
 [-0.0039797  -0.00152772 -0.00374662 ... -0.00272923 -0.00099835
  -0.00041523]]
final encoded_tweets shape: (2566, 111)
final encoded_tweets: [[-2.69438722e-03 -3.26164975e-03 -3.91133828e-03 ...  5.90563244e-01
   0.00000000e+00  0.00000000e+00]
 [-1.96509645e-04 -9.56563838e-03  3.40724568e-04 ...  1.08308227e-01
   2.00000000e-01  0.00000000e+00]
 [-1.91269128e-03 -2.05950588e-02  4.68094554e-03 ...  2.07833325e-01
   2.00000000e-01  0.00000000e+00]
 ...
 [-1.84023555e-03 -1.26042813e-02  7.55737536e-03 ...  8.52423020e-01
   2.00000000e-01  0.00000000e+00]
 [-6.50077709e-04  2.17966503e-03  4.80659865e-03 ...  2.99545524e-01
   0.00000000e+00  0.00000000e+00]
 [-3.97970434e-03 -1.52771920e-03 -3.74662224e-03 ...  1.79339223e-01
   0.00000000e+00  2.00000000e-01]]
Final encoded_tweets, after feature selection, shape: (2566, 111)
features chosen shape: (286, 11)
features before normalization: [[ 2.      0.      0.     ...  0.      0.      0.    ]
 [ 0.      1.      1.     ... -0.3164  0.      0.    ]
 [ 0.      2.      1.     ...  0.5399  0.      0.    ]
 ...
 [ 1.      0.      0.     ... -0.6115  0.      1.    ]
 [ 1.      0.      0.     ... -0.5267  1.      0.    ]
 [ 0.      1.      0.     ...  0.3412  1.      0.    ]]
features after normalization: [[0.04347826 0.         0.         ... 0.50477455 0.         0.        ]
 [0.         0.1        0.14285714 ... 0.34320584 0.         0.        ]
 [0.         0.2        0.14285714 ... 0.78047286 0.         0.        ]
 ...
 [0.02173913 0.         0.         ... 0.19251392 0.         0.2       ]
 [0.02173913 0.         0.         ... 0.23581678 0.2        0.        ]
 [0.         0.1        0.         ... 0.6790073  0.2        0.        ]]
encoded_tweets before tweets shape: (286, 100)
before tweets extra_features shape: (286, 11)
before encoded_tweets: [[-3.85756022e-03  2.88579683e-03 -1.20408670e-03 ...  2.34940066e-03
  -2.26293248e-03 -4.25041420e-03]
 [-6.60144910e-03 -2.95030866e-02  1.00671202e-02 ...  7.09599524e-04
   2.24510152e-02 -3.05533949e-02]
 [-5.46569889e-03 -2.20716167e-02  9.36431997e-03 ... -3.05727799e-03
   6.41448470e-03 -1.33362841e-02]
 ...
 [-4.67511313e-03 -1.80532411e-02  2.42025475e-03 ... -1.91198569e-03
   1.17093623e-02 -1.55283762e-02]
 [ 6.13720447e-04 -3.41237523e-02  4.60760761e-03 ...  9.86233936e-05
   1.58099215e-02 -2.99943853e-02]
 [-5.90601796e-03 -3.47119085e-02  1.14415595e-02 ...  4.76919144e-04
   2.19875183e-02 -2.84799729e-02]]
final encoded_tweets shape: (286, 111)
final encoded_tweets: [[-3.85756022e-03  2.88579683e-03 -1.20408670e-03 ...  5.04774549e-01
   0.00000000e+00  0.00000000e+00]
 [-6.60144910e-03 -2.95030866e-02  1.00671202e-02 ...  3.43205842e-01
   0.00000000e+00  0.00000000e+00]
 [-5.46569889e-03 -2.20716167e-02  9.36431997e-03 ...  7.80472859e-01
   0.00000000e+00  0.00000000e+00]
 ...
 [-4.67511313e-03 -1.80532411e-02  2.42025475e-03 ...  1.92513915e-01
   0.00000000e+00  2.00000000e-01]
 [ 6.13720447e-04 -3.41237523e-02  4.60760761e-03 ...  2.35816780e-01
   2.00000000e-01  0.00000000e+00]
 [-5.90601796e-03 -3.47119085e-02  1.14415595e-02 ...  6.79007302e-01
   2.00000000e-01  0.00000000e+00]]
Final encoded_tweets, after feature selection, shape: (286, 111)
Evaluating model...
Scores: [0.5778004827199282, 0.7412587404251099]
Classifier summary: None
ROC: 0.8158297536167481
Continued Avg: 0.77816597125813
[[127  30]
 [ 44  85]]
Fold #: 3
features chosen shape: (2567, 11)
features before normalization: [[ 1.      0.      0.     ...  0.168   0.      0.    ]
 [ 2.      0.      0.     ...  0.      0.      0.    ]
 [ 1.      0.      0.     ... -0.5815  1.      0.    ]
 ...
 [ 0.      0.      1.     ...  0.8903  0.      0.    ]
 [ 0.      0.      0.     ...  0.6808  1.      0.    ]
 [ 5.      0.      0.     ... -0.6373  0.      1.    ]]
features after normalization: [[0.03703704 0.         0.         ... 0.58792131 0.         0.        ]
 [0.07407407 0.         0.         ... 0.50251639 0.         0.        ]
 [0.03703704 0.         0.         ... 0.20690356 0.2        0.        ]
 ...
 [0.         0.         0.14285714 ... 0.95511159 0.         0.        ]
 [0.         0.         0.         ... 0.84860963 0.2        0.        ]
 [0.18518519 0.         0.         ... 0.17853693 0.         0.2       ]]
encoded_tweets before tweets shape: (2567, 100)
before tweets extra_features shape: (2567, 11)
before encoded_tweets: [[-2.09197029e-03 -3.06441169e-03 -5.67779038e-03 ...  6.33262796e-04
  -3.21690203e-03 -2.30998994e-04]
 [ 4.09335800e-04 -6.60596974e-03 -1.32231938e-03 ...  2.27895286e-03
  -5.19397948e-03 -1.15709170e-03]
 [ 2.74529797e-04 -1.63255613e-02 -5.04056877e-03 ... -3.19138961e-03
  -1.16840592e-02 -6.34109601e-03]
 ...
 [-1.80118397e-04  3.74854280e-05  2.80769309e-03 ... -4.57072922e-04
  -4.27178433e-03 -6.38223486e-03]
 [-2.25774548e-03 -9.37822927e-03 -8.93783197e-03 ... -7.26108160e-03
  -9.95153561e-03 -6.04081550e-04]
 [-3.82744125e-03  1.68122887e-03  6.63215586e-04 ... -2.87397136e-03
  -1.17113045e-03  9.81340185e-04]]
final encoded_tweets shape: (2567, 111)
final encoded_tweets: [[-2.09197029e-03 -3.06441169e-03 -5.67779038e-03 ...  5.87921305e-01
   0.00000000e+00  0.00000000e+00]
 [ 4.09335800e-04 -6.60596974e-03 -1.32231938e-03 ...  5.02516395e-01
   0.00000000e+00  0.00000000e+00]
 [ 2.74529797e-04 -1.63255613e-02 -5.04056877e-03 ...  2.06903564e-01
   2.00000000e-01  0.00000000e+00]
 ...
 [-1.80118397e-04  3.74854280e-05  2.80769309e-03 ...  9.55111586e-01
   0.00000000e+00  0.00000000e+00]
 [-2.25774548e-03 -9.37822927e-03 -8.93783197e-03 ...  8.48609628e-01
   2.00000000e-01  0.00000000e+00]
 [-3.82744125e-03  1.68122887e-03  6.63215586e-04 ...  1.78536933e-01
   0.00000000e+00  2.00000000e-01]]
Final encoded_tweets, after feature selection, shape: (2567, 111)
features chosen shape: (285, 11)
features before normalization: [[ 1.      1.      0.     ... -0.7764  1.      0.    ]
 [ 5.      0.      0.     ... -0.7351  0.      1.    ]
 [ 1.      0.      0.     ...  0.765   1.      0.    ]
 ...
 [ 0.      1.      0.     ...  0.3802  0.      0.    ]
 [ 0.      0.      0.     ...  0.      0.      0.    ]
 [ 1.      0.      1.     ... -0.4019  0.      0.    ]]
features after normalization: [[0.03703704 0.1        0.         ... 0.1078237  0.2        0.        ]
 [0.18518519 0.         0.         ... 0.12881907 0.         0.2       ]
 [0.03703704 0.         0.         ... 0.89141376 0.2        0.        ]
 ...
 [0.         0.1        0.         ... 0.69579584 0.         0.        ]
 [0.         0.         0.         ... 0.50251639 0.         0.        ]
 [0.03703704 0.         0.14285714 ... 0.29820548 0.         0.        ]]
encoded_tweets before tweets shape: (285, 100)
before tweets extra_features shape: (285, 11)
before encoded_tweets: [[-0.00036416 -0.01615462 -0.00404694 ... -0.00504404 -0.01001374
  -0.00849038]
 [ 0.00967694 -0.0605578  -0.02012776 ... -0.01988425 -0.03145629
  -0.02524367]
 [ 0.00106908 -0.01801688 -0.00260117 ... -0.00624806 -0.00910162
  -0.0052144 ]
 ...
 [ 0.00849556 -0.03332134 -0.00572657 ... -0.00997611 -0.01651432
  -0.01687675]
 [-0.00040134 -0.01245551 -0.00164889 ... -0.00255559 -0.00395486
  -0.0024018 ]
 [ 0.000722   -0.00588668 -0.00509637 ... -0.00096826  0.00041965
   0.00030327]]
final encoded_tweets shape: (285, 111)
final encoded_tweets: [[-3.64155654e-04 -1.61546189e-02 -4.04693605e-03 ...  1.07823700e-01
   2.00000000e-01  0.00000000e+00]
 [ 9.67693515e-03 -6.05578013e-02 -2.01277602e-02 ...  1.28819074e-01
   0.00000000e+00  2.00000000e-01]
 [ 1.06908288e-03 -1.80168804e-02 -2.60116626e-03 ...  8.91413756e-01
   2.00000000e-01  0.00000000e+00]
 ...
 [ 8.49555712e-03 -3.33213359e-02 -5.72657119e-03 ...  6.95795842e-01
   0.00000000e+00  0.00000000e+00]
 [-4.01337224e-04 -1.24555137e-02 -1.64888625e-03 ...  5.02516395e-01
   0.00000000e+00  0.00000000e+00]
 [ 7.21997407e-04 -5.88667858e-03 -5.09637035e-03 ...  2.98205480e-01
   0.00000000e+00  0.00000000e+00]]
Final encoded_tweets, after feature selection, shape: (285, 111)
Evaluating model...
Scores: [0.5786506464606838, 0.6982455849647522]
Classifier summary: None
ROC: 0.7901298701298701
Continued Avg: 0.78215393754871
[[119  56]
 [ 30  80]]
Fold #: 4
features chosen shape: (2567, 11)
features before normalization: [[ 1.      0.      0.     ...  0.168   0.      0.    ]
 [ 2.      0.      0.     ...  0.      0.      0.    ]
 [ 1.      1.      0.     ... -0.7764  1.      0.    ]
 ...
 [ 0.      0.      0.     ...  0.6808  1.      0.    ]
 [ 1.      0.      1.     ... -0.4019  0.      0.    ]
 [ 5.      0.      0.     ... -0.6373  0.      1.    ]]
features after normalization: [[0.02173913 0.         0.         ... 0.58792131 0.         0.        ]
 [0.04347826 0.         0.         ... 0.50251639 0.         0.        ]
 [0.02173913 0.1        0.         ... 0.1078237  0.2        0.        ]
 ...
 [0.         0.         0.         ... 0.84860963 0.2        0.        ]
 [0.02173913 0.         0.14285714 ... 0.29820548 0.         0.        ]
 [0.10869565 0.         0.         ... 0.17853693 0.         0.2       ]]
encoded_tweets before tweets shape: (2567, 100)
before tweets extra_features shape: (2567, 11)
before encoded_tweets: [[-1.80737779e-03 -5.43363811e-03 -8.58503021e-03 ... -5.08134486e-04
  -2.65282928e-03 -1.36128417e-03]
 [ 1.97412170e-04 -6.15513092e-03 -1.76558655e-03 ...  2.07473664e-03
  -4.78168065e-03 -1.24146021e-03]
 [-2.13689113e-04 -6.67289551e-03 -4.24116664e-03 ... -1.13526257e-04
  -4.94585466e-03 -2.46867700e-03]
 ...
 [ 4.87459300e-04 -9.38495807e-03 -4.50012600e-03 ... -4.02168091e-03
  -4.29912237e-03 -1.01531669e-02]
 [-3.55763710e-03  2.30236351e-03 -5.31589473e-03 ... -2.79329461e-03
  -4.07665456e-03  3.85282421e-03]
 [-3.50199826e-03 -1.61638600e-04 -1.69446378e-03 ... -3.83472815e-03
  -6.49900059e-04 -4.12194386e-05]]
final encoded_tweets shape: (2567, 111)
final encoded_tweets: [[-1.80737779e-03 -5.43363811e-03 -8.58503021e-03 ...  5.87921305e-01
   0.00000000e+00  0.00000000e+00]
 [ 1.97412170e-04 -6.15513092e-03 -1.76558655e-03 ...  5.02516395e-01
   0.00000000e+00  0.00000000e+00]
 [-2.13689113e-04 -6.67289551e-03 -4.24116664e-03 ...  1.07823700e-01
   2.00000000e-01  0.00000000e+00]
 ...
 [ 4.87459300e-04 -9.38495807e-03 -4.50012600e-03 ...  8.48609628e-01
   2.00000000e-01  0.00000000e+00]
 [-3.55763710e-03  2.30236351e-03 -5.31589473e-03 ...  2.98205480e-01
   0.00000000e+00  0.00000000e+00]
 [-3.50199826e-03 -1.61638600e-04 -1.69446378e-03 ...  1.78536933e-01
   0.00000000e+00  2.00000000e-01]]
Final encoded_tweets, after feature selection, shape: (2567, 111)
features chosen shape: (285, 11)
features before normalization: [[ 1.      1.      0.     ...  0.9441  0.      0.    ]
 [ 0.      0.      0.     ...  0.3612  0.      0.    ]
 [ 4.      0.      0.     ... -0.8898  0.      1.    ]
 ...
 [ 0.      0.      0.     ... -0.836   0.      1.    ]
 [ 3.      0.      0.     ... -0.755   0.      2.    ]
 [ 2.      2.      0.     ... -0.4334  0.      1.    ]]
features after normalization: [[0.02173913 0.1        0.         ... 0.98246149 0.         0.        ]
 [0.         0.         0.         ... 0.68613695 0.         0.        ]
 [0.08695652 0.         0.         ... 0.05017539 0.         0.2       ]
 ...
 [0.         0.         0.         ... 0.07752529 0.         0.2       ]
 [0.06521739 0.         0.         ... 0.11870266 0.         0.4       ]
 [0.04347826 0.2        0.         ... 0.28219206 0.         0.2       ]]
encoded_tweets before tweets shape: (285, 100)
before tweets extra_features shape: (285, 11)
before encoded_tweets: [[ 0.00329688 -0.05916367 -0.03889601 ... -0.0206441  -0.0086459
  -0.02266823]
 [ 0.00426674 -0.04299512 -0.03216746 ... -0.01704974 -0.00586137
  -0.01594958]
 [ 0.00442688 -0.05479274 -0.04035232 ... -0.02161602 -0.00349003
  -0.0222923 ]
 ...
 [ 0.00347184 -0.04966418 -0.03765148 ... -0.01911951 -0.00495766
  -0.02307844]
 [ 0.00961987 -0.0823834  -0.04654462 ... -0.02390797 -0.00908464
  -0.02983516]
 [ 0.00582667 -0.04487263 -0.03065929 ... -0.01447144 -0.00916399
  -0.01911696]]
final encoded_tweets shape: (285, 111)
final encoded_tweets: [[ 0.00329688 -0.05916367 -0.03889601 ...  0.98246149  0.
   0.        ]
 [ 0.00426674 -0.04299512 -0.03216746 ...  0.68613695  0.
   0.        ]
 [ 0.00442688 -0.05479274 -0.04035232 ...  0.05017539  0.
   0.2       ]
 ...
 [ 0.00347184 -0.04966418 -0.03765148 ...  0.07752529  0.
   0.2       ]
 [ 0.00961987 -0.0823834  -0.04654462 ...  0.11870266  0.
   0.4       ]
 [ 0.00582667 -0.04487263 -0.03065929 ...  0.28219206  0.
   0.2       ]]
Final encoded_tweets, after feature selection, shape: (285, 111)
Evaluating model...
Scores: [0.7096866833536248, 0.680701732635498]
Classifier summary: None
ROC: 0.7577618049316162
Continued Avg: 0.7760559043944366
[[141  18]
 [ 73  53]]
Fold #: 5
features chosen shape: (2567, 11)
features before normalization: [[ 1.      0.      0.     ...  0.168   0.      0.    ]
 [ 2.      0.      0.     ...  0.      0.      0.    ]
 [ 1.      1.      0.     ... -0.7764  1.      0.    ]
 ...
 [ 0.      0.      0.     ...  0.6808  1.      0.    ]
 [ 1.      0.      1.     ... -0.4019  0.      0.    ]
 [ 5.      0.      0.     ... -0.6373  0.      1.    ]]
features after normalization: [[0.02173913 0.         0.         ... 0.58792131 0.         0.        ]
 [0.04347826 0.         0.         ... 0.50251639 0.         0.        ]
 [0.02173913 0.1        0.         ... 0.1078237  0.2        0.        ]
 ...
 [0.         0.         0.         ... 0.84860963 0.2        0.        ]
 [0.02173913 0.         0.14285714 ... 0.29820548 0.         0.        ]
 [0.10869565 0.         0.         ... 0.17853693 0.         0.2       ]]
encoded_tweets before tweets shape: (2567, 100)
before tweets extra_features shape: (2567, 11)
before encoded_tweets: [[-0.00338413 -0.00124436 -0.00586302 ... -0.00043678  0.00025026
   0.00038271]
 [-0.00038619 -0.00557601 -0.0014787  ...  0.00197212 -0.00362848
  -0.00113629]
 [-0.00432117 -0.0042886  -0.00386135 ... -0.00275945  0.00035293
  -0.00217773]
 ...
 [-0.00592438 -0.00133266 -0.00093413 ... -0.00636132  0.0041734
  -0.00775345]
 [-0.00420361  0.00240377 -0.0053532  ... -0.00371655 -0.00318329
   0.00371432]
 [-0.00484134  0.00284182  0.00037272 ... -0.00343561  0.00121371
   0.00131899]]
final encoded_tweets shape: (2567, 111)
final encoded_tweets: [[-3.38412845e-03 -1.24436338e-03 -5.86302485e-03 ...  5.87921305e-01
   0.00000000e+00  0.00000000e+00]
 [-3.86194733e-04 -5.57600707e-03 -1.47869880e-03 ...  5.02516395e-01
   0.00000000e+00  0.00000000e+00]
 [-4.32117004e-03 -4.28860355e-03 -3.86135280e-03 ...  1.07823700e-01
   2.00000000e-01  0.00000000e+00]
 ...
 [-5.92437712e-03 -1.33266370e-03 -9.34127078e-04 ...  8.48609628e-01
   2.00000000e-01  0.00000000e+00]
 [-4.20360547e-03  2.40377313e-03 -5.35319839e-03 ...  2.98205480e-01
   0.00000000e+00  0.00000000e+00]
 [-4.84134024e-03  2.84182094e-03  3.72724026e-04 ...  1.78536933e-01
   0.00000000e+00  2.00000000e-01]]
Final encoded_tweets, after feature selection, shape: (2567, 111)
features chosen shape: (285, 11)
features before normalization: [[ 0.      0.      0.     ...  0.1689  0.      2.    ]
 [ 1.      2.      0.     ...  0.8198  0.      0.    ]
 [ 0.      0.      0.     ...  0.      0.      0.    ]
 ...
 [ 0.      0.      0.     ...  0.      0.      0.    ]
 [ 0.      0.      0.     ...  0.      0.      0.    ]
 [ 3.      4.      0.     ... -0.625   0.      0.    ]]
features after normalization: [[0.         0.         0.         ... 0.58837883 0.         0.4       ]
 [0.02173913 0.2        0.         ... 0.91927202 0.         0.        ]
 [0.         0.         0.         ... 0.50251639 0.         0.        ]
 ...
 [0.         0.         0.         ... 0.50251639 0.         0.        ]
 [0.         0.         0.         ... 0.50251639 0.         0.        ]
 [0.06521739 0.4        0.         ... 0.18478979 0.         0.        ]]
encoded_tweets before tweets shape: (285, 100)
before tweets extra_features shape: (285, 11)
before encoded_tweets: [[-0.01806471 -0.02241578 -0.01797706 ... -0.02532525  0.02299573
  -0.01403555]
 [-0.00829911 -0.01753587 -0.01098128 ... -0.01598328  0.01677881
  -0.00663392]
 [-0.01086282 -0.01741929 -0.01137366 ... -0.01702979  0.01562129
  -0.01110101]
 ...
 [-0.01868567 -0.02059563 -0.01431924 ... -0.01963248  0.02043518
  -0.01380265]
 [-0.00444519 -0.00492284 -0.0030755  ...  0.00053449  0.00569124
  -0.00613674]
 [-0.00932926 -0.00986276 -0.01007309 ... -0.01316171  0.00993178
  -0.00902642]]
final encoded_tweets shape: (285, 111)
final encoded_tweets: [[-0.01806471 -0.02241578 -0.01797706 ...  0.58837883  0.
   0.4       ]
 [-0.00829911 -0.01753587 -0.01098128 ...  0.91927202  0.
   0.        ]
 [-0.01086282 -0.01741929 -0.01137366 ...  0.50251639  0.
   0.        ]
 ...
 [-0.01868567 -0.02059563 -0.01431924 ...  0.50251639  0.
   0.        ]
 [-0.00444519 -0.00492284 -0.0030755  ...  0.50251639  0.
   0.        ]
 [-0.00932926 -0.00986276 -0.01007309 ...  0.18478979  0.
   0.        ]]
Final encoded_tweets, after feature selection, shape: (285, 111)
Evaluating model...
Scores: [0.8547613396979215, 0.7087719440460205]
Classifier summary: None
ROC: 0.8009000000000001
Continued Avg: 0.7810247235155493
[[ 93  67]
 [ 16 109]]
Fold #: 6
features chosen shape: (2567, 11)
features before normalization: [[ 1.      0.      0.     ...  0.168   0.      0.    ]
 [ 2.      0.      0.     ...  0.      0.      0.    ]
 [ 1.      1.      0.     ... -0.7764  1.      0.    ]
 ...
 [ 0.      0.      0.     ...  0.6808  1.      0.    ]
 [ 1.      0.      1.     ... -0.4019  0.      0.    ]
 [ 5.      0.      0.     ... -0.6373  0.      1.    ]]
features after normalization: [[0.02173913 0.         0.         ... 0.58792131 0.         0.        ]
 [0.04347826 0.         0.         ... 0.50251639 0.         0.        ]
 [0.02173913 0.1        0.         ... 0.1078237  0.2        0.        ]
 ...
 [0.         0.         0.         ... 0.84860963 0.2        0.        ]
 [0.02173913 0.         0.14285714 ... 0.29820548 0.         0.        ]
 [0.10869565 0.         0.         ... 0.17853693 0.         0.2       ]]
encoded_tweets before tweets shape: (2567, 100)
before tweets extra_features shape: (2567, 11)
before encoded_tweets: [[-3.05270194e-03 -2.90009566e-03 -6.26317831e-03 ...  1.68747816e-03
   1.12013120e-04 -2.19013426e-03]
 [-2.65115028e-04 -6.25676569e-03 -1.56016811e-03 ...  2.88592256e-03
  -3.65883624e-03 -1.93357957e-03]
 [-3.08004394e-03 -1.13193877e-02 -6.01214776e-03 ...  2.55938480e-03
   4.54085821e-04 -1.09730223e-02]
 ...
 [-3.17348936e-03 -1.15835508e-02 -4.15767822e-03 ...  1.47761509e-03
   3.88103537e-03 -2.03130357e-02]
 [-4.25331620e-03  4.47961880e-04 -6.17415877e-03 ... -2.50362931e-03
  -2.70773144e-03  1.39184529e-03]
 [-4.67734924e-03  6.25879504e-04 -2.73088881e-05 ... -1.77225610e-03
   1.57169788e-03 -2.00577825e-03]]
final encoded_tweets shape: (2567, 111)
final encoded_tweets: [[-3.05270194e-03 -2.90009566e-03 -6.26317831e-03 ...  5.87921305e-01
   0.00000000e+00  0.00000000e+00]
 [-2.65115028e-04 -6.25676569e-03 -1.56016811e-03 ...  5.02516395e-01
   0.00000000e+00  0.00000000e+00]
 [-3.08004394e-03 -1.13193877e-02 -6.01214776e-03 ...  1.07823700e-01
   2.00000000e-01  0.00000000e+00]
 ...
 [-3.17348936e-03 -1.15835508e-02 -4.15767822e-03 ...  8.48609628e-01
   2.00000000e-01  0.00000000e+00]
 [-4.25331620e-03  4.47961880e-04 -6.17415877e-03 ...  2.98205480e-01
   0.00000000e+00  0.00000000e+00]
 [-4.67734924e-03  6.25879504e-04 -2.73088881e-05 ...  1.78536933e-01
   0.00000000e+00  2.00000000e-01]]
Final encoded_tweets, after feature selection, shape: (2567, 111)
features chosen shape: (285, 11)
features before normalization: [[ 0.      0.      0.     ...  0.5859  0.      0.    ]
 [ 2.      0.      0.     ...  0.1372  0.      0.    ]
 [ 0.      0.      0.     ... -0.8442  0.      2.    ]
 ...
 [ 0.      0.      0.     ... -0.0516  0.      0.    ]
 [ 1.      0.      0.     ...  0.4588  0.      0.    ]
 [ 1.      1.      0.     ... -0.6114  0.      1.    ]]
features after normalization: [[0.         0.         0.         ... 0.80036602 0.         0.        ]
 [0.04347826 0.         0.         ... 0.57226374 0.         0.        ]
 [0.         0.         0.         ... 0.07335672 0.         0.4       ]
 ...
 [0.         0.         0.         ... 0.47628489 0.         0.        ]
 [0.02173913 0.         0.         ... 0.73575314 0.         0.        ]
 [0.02173913 0.1        0.         ... 0.19170352 0.         0.2       ]]
encoded_tweets before tweets shape: (285, 100)
before tweets extra_features shape: (285, 11)
before encoded_tweets: [[-0.01150952 -0.0399999  -0.0246445  ...  0.00357838  0.02049253
  -0.0361539 ]
 [-0.01535165 -0.04976523 -0.02486132 ... -0.00184718  0.02517868
  -0.04999397]
 [-0.00589785 -0.04618468 -0.02660592 ...  0.0042145   0.01670124
  -0.04525485]
 ...
 [-0.02090342 -0.12400624 -0.057013   ... -0.0016088   0.05184996
  -0.11685324]
 [-0.00718135 -0.01940974 -0.00961549 ... -0.00201909  0.00784672
  -0.02282825]
 [-0.00520752 -0.01108594 -0.00286572 ...  0.00378564  0.00564533
  -0.00984635]]
final encoded_tweets shape: (285, 111)
final encoded_tweets: [[-0.01150952 -0.0399999  -0.0246445  ...  0.80036602  0.
   0.        ]
 [-0.01535165 -0.04976523 -0.02486132 ...  0.57226374  0.
   0.        ]
 [-0.00589785 -0.04618468 -0.02660592 ...  0.07335672  0.
   0.4       ]
 ...
 [-0.02090342 -0.12400624 -0.057013   ...  0.47628489  0.
   0.        ]
 [-0.00718135 -0.01940974 -0.00961549 ...  0.73575314  0.
   0.        ]
 [-0.00520752 -0.01108594 -0.00286572 ...  0.19170352  0.
   0.2       ]]
Final encoded_tweets, after feature selection, shape: (285, 111)
Evaluating model...
Scores: [0.7017381509145101, 0.7122806906700134]
Classifier summary: None
ROC: 0.7571012747164508
Continued Avg: 0.7770374820490328
[[142  20]
 [ 62  61]]
Fold #: 7
features chosen shape: (2567, 11)
features before normalization: [[ 2.      0.      0.     ...  0.      0.      0.    ]
 [ 1.      1.      0.     ... -0.7764  1.      0.    ]
 [ 1.      0.      0.     ... -0.5815  1.      0.    ]
 ...
 [ 0.      0.      1.     ...  0.8903  0.      0.    ]
 [ 0.      0.      0.     ...  0.6808  1.      0.    ]
 [ 1.      0.      1.     ... -0.4019  0.      0.    ]]
features after normalization: [[0.04347826 0.         0.         ... 0.49997445 0.         0.        ]
 [0.02173913 0.1        0.         ... 0.10326504 0.25       0.        ]
 [0.02173913 0.         0.         ... 0.20285116 0.25       0.        ]
 ...
 [0.         0.         0.14285714 ... 0.95488222 0.         0.        ]
 [0.         0.         0.         ... 0.84783608 0.25       0.        ]
 [0.02173913 0.         0.14285714 ... 0.29461959 0.         0.        ]]
encoded_tweets before tweets shape: (2567, 100)
before tweets extra_features shape: (2567, 11)
before encoded_tweets: [[-6.30150083e-04 -2.25245036e-04 -6.84135361e-03 ...  1.41530923e-04
  -3.24158859e-03  1.48069594e-04]
 [ 3.50981788e-03 -6.24959404e-03 -5.33663994e-03 ... -1.20002136e-04
  -7.65636377e-03 -2.88223731e-03]
 [ 1.36565845e-02 -6.05652947e-03 -1.84029713e-02 ... -1.06465537e-02
  -1.72265209e-02 -8.91871471e-03]
 ...
 [ 2.95536197e-03  3.16844578e-03 -6.86131360e-04 ... -1.66735984e-03
  -5.52962348e-03 -6.91970112e-03]
 [ 7.18316901e-03 -1.37948280e-03 -1.86710488e-02 ... -1.18573075e-02
  -1.42016644e-02 -2.43529049e-03]
 [-3.61196278e-03  3.85303423e-03  6.67136104e-04 ... -2.51756096e-03
  -6.30915529e-05  1.15734327e-03]]
final encoded_tweets shape: (2567, 111)
final encoded_tweets: [[-6.30150083e-04 -2.25245036e-04 -6.84135361e-03 ...  4.99974452e-01
   0.00000000e+00  0.00000000e+00]
 [ 3.50981788e-03 -6.24959404e-03 -5.33663994e-03 ...  1.03265035e-01
   2.50000000e-01  0.00000000e+00]
 [ 1.36565845e-02 -6.05652947e-03 -1.84029713e-02 ...  2.02851157e-01
   2.50000000e-01  0.00000000e+00]
 ...
 [ 2.95536197e-03  3.16844578e-03 -6.86131360e-04 ...  9.54882224e-01
   0.00000000e+00  0.00000000e+00]
 [ 7.18316901e-03 -1.37948280e-03 -1.86710488e-02 ...  8.47836084e-01
   2.50000000e-01  0.00000000e+00]
 [-3.61196278e-03  3.85303423e-03  6.67136104e-04 ...  2.94619590e-01
   0.00000000e+00  0.00000000e+00]]
Final encoded_tweets, after feature selection, shape: (2567, 111)
features chosen shape: (285, 11)
features before normalization: [[ 1.      0.      0.     ...  0.168   0.      0.    ]
 [ 2.      0.      0.     ... -0.5106  0.      0.    ]
 [ 0.      0.      0.     ... -0.6124  0.      0.    ]
 ...
 [ 1.      0.      0.     ...  0.6597  0.      0.    ]
 [ 0.      0.      1.     ...  0.5719  0.      0.    ]
 [ 5.      0.      0.     ... -0.6373  0.      1.    ]]
features after normalization: [[0.02173913 0.         0.         ... 0.58581575 0.         0.        ]
 [0.04347826 0.         0.         ... 0.23907823 0.         0.        ]
 [0.         0.         0.         ... 0.18706249 0.         0.        ]
 ...
 [0.02173913 0.         0.         ... 0.83705483 0.         0.        ]
 [0.         0.         0.14285714 ... 0.79219253 0.         0.        ]
 [0.10869565 0.         0.         ... 0.17433958 0.         0.2       ]]
encoded_tweets before tweets shape: (285, 100)
before tweets extra_features shape: (285, 11)
before encoded_tweets: [[ 0.0223995  -0.00741982 -0.0236757  ... -0.0186558  -0.01442512
  -0.00581177]
 [ 0.00501213 -0.00640609 -0.00524826 ... -0.00137958 -0.00222411
  -0.0047302 ]
 [ 0.01567645 -0.00818446 -0.02352951 ... -0.01805708 -0.02382509
  -0.01067669]
 ...
 [ 0.04006262 -0.01645908 -0.05293024 ... -0.03228209 -0.03801822
  -0.02206202]
 [ 0.01416004 -0.00039216 -0.01376219 ... -0.00423629 -0.01274301
  -0.00445133]
 [ 0.0157702  -0.00997373 -0.01967549 ... -0.0094933  -0.00985922
  -0.01269909]]
final encoded_tweets shape: (285, 111)
final encoded_tweets: [[ 2.23995000e-02 -7.41982181e-03 -2.36757006e-02 ...  5.85815748e-01
   0.00000000e+00  0.00000000e+00]
 [ 5.01212897e-03 -6.40608929e-03 -5.24826115e-03 ...  2.39078228e-01
   0.00000000e+00  0.00000000e+00]
 [ 1.56764481e-02 -8.18446372e-03 -2.35295091e-02 ...  1.87062490e-01
   0.00000000e+00  0.00000000e+00]
 ...
 [ 4.00626175e-02 -1.64590832e-02 -5.29302433e-02 ...  8.37054826e-01
   0.00000000e+00  0.00000000e+00]
 [ 1.41600389e-02 -3.92163085e-04 -1.37621881e-02 ...  7.92192530e-01
   0.00000000e+00  0.00000000e+00]
 [ 1.57701951e-02 -9.97373369e-03 -1.96754858e-02 ...  1.74339584e-01
   0.00000000e+00  2.00000000e-01]]
Final encoded_tweets, after feature selection, shape: (285, 111)
Evaluating model...
Scores: [1.0586205909126682, 0.7052631378173828]
Classifier summary: None
ROC: 0.741111111111111
Continued Avg: 0.7719051433436154
[[146  19]
 [ 65  55]]
Fold #: 8
features chosen shape: (2567, 11)
features before normalization: [[ 1.      0.      0.     ...  0.168   0.      0.    ]
 [ 2.      0.      0.     ...  0.      0.      0.    ]
 [ 1.      1.      0.     ... -0.7764  1.      0.    ]
 ...
 [ 0.      0.      0.     ...  0.      0.      0.    ]
 [ 1.      0.      1.     ... -0.4019  0.      0.    ]
 [ 5.      0.      0.     ... -0.6373  0.      1.    ]]
features after normalization: [[0.02173913 0.         0.         ... 0.58792131 0.         0.        ]
 [0.04347826 0.         0.         ... 0.50251639 0.         0.        ]
 [0.02173913 0.1        0.         ... 0.1078237  0.2        0.        ]
 ...
 [0.         0.         0.         ... 0.50251639 0.         0.        ]
 [0.02173913 0.         0.14285714 ... 0.29820548 0.         0.        ]
 [0.10869565 0.         0.         ... 0.17853693 0.         0.25      ]]
encoded_tweets before tweets shape: (2567, 100)
before tweets extra_features shape: (2567, 11)
before encoded_tweets: [[-3.33331060e-03 -1.16611260e-03 -7.26420805e-03 ...  2.45134416e-03
  -1.98320209e-04  2.62276991e-03]
 [-1.42773701e-04 -4.96433070e-03 -1.51822902e-03 ...  3.00567783e-03
  -4.27964516e-03  2.18125831e-04]
 [-2.70993472e-03 -2.95421248e-03 -4.67155874e-03 ...  4.07043798e-03
  -1.69770443e-03  3.05881910e-03]
 ...
 [-2.78444565e-03  1.16429443e-03 -6.44963409e-04 ...  2.46915757e-03
   5.58856336e-05 -1.95856928e-03]
 [-4.11515776e-03  2.48354580e-03 -5.85028296e-03 ... -2.09970004e-03
  -3.35419690e-03  4.75213164e-03]
 [-4.74751368e-03  3.32681136e-03  1.99851143e-04 ... -1.51936698e-03
   8.14311847e-04  2.48237280e-03]]
final encoded_tweets shape: (2567, 111)
final encoded_tweets: [[-3.33331060e-03 -1.16611260e-03 -7.26420805e-03 ...  5.87921305e-01
   0.00000000e+00  0.00000000e+00]
 [-1.42773701e-04 -4.96433070e-03 -1.51822902e-03 ...  5.02516395e-01
   0.00000000e+00  0.00000000e+00]
 [-2.70993472e-03 -2.95421248e-03 -4.67155874e-03 ...  1.07823700e-01
   2.00000000e-01  0.00000000e+00]
 ...
 [-2.78444565e-03  1.16429443e-03 -6.44963409e-04 ...  5.02516395e-01
   0.00000000e+00  0.00000000e+00]
 [-4.11515776e-03  2.48354580e-03 -5.85028296e-03 ...  2.98205480e-01
   0.00000000e+00  0.00000000e+00]
 [-4.74751368e-03  3.32681136e-03  1.99851143e-04 ...  1.78536933e-01
   0.00000000e+00  2.50000000e-01]]
Final encoded_tweets, after feature selection, shape: (2567, 111)
features chosen shape: (285, 11)
features before normalization: [[1.     0.     0.     ... 0.     1.     0.    ]
 [0.     0.     0.     ... 0.     0.     0.    ]
 [0.     0.     0.     ... 0.     0.     0.    ]
 ...
 [0.     0.     0.     ... 0.     0.     0.    ]
 [0.     0.     1.     ... 0.8903 0.     0.    ]
 [0.     0.     0.     ... 0.6808 1.     0.    ]]
features after normalization: [[0.02173913 0.         0.         ... 0.50251639 0.2        0.        ]
 [0.         0.         0.         ... 0.50251639 0.         0.        ]
 [0.         0.         0.         ... 0.50251639 0.         0.        ]
 ...
 [0.         0.         0.         ... 0.50251639 0.         0.        ]
 [0.         0.         0.14285714 ... 0.95511159 0.         0.        ]
 [0.         0.         0.         ... 0.84860963 0.2        0.        ]]
encoded_tweets before tweets shape: (285, 100)
before tweets extra_features shape: (285, 11)
before encoded_tweets: [[-0.02052232 -0.02092146 -0.03554972 ...  0.0162041   0.0141294
   0.01764165]
 [-0.00223303 -0.00285192 -0.00556899 ...  0.003121    0.00907883
   0.00280184]
 [-0.00774526 -0.00735901 -0.01294616 ...  0.0085602   0.00605583
   0.01279266]
 ...
 [-0.00630812 -0.009419   -0.00830132 ... -0.00119213  0.00425148
   0.01093298]
 [-0.00581539 -0.01515119 -0.02487634 ...  0.01216095  0.01309425
   0.01118106]
 [-0.02137041 -0.0271372  -0.03976943 ...  0.01622069  0.01873308
   0.01864693]]
final encoded_tweets shape: (285, 111)
final encoded_tweets: [[-0.02052232 -0.02092146 -0.03554972 ...  0.50251639  0.2
   0.        ]
 [-0.00223303 -0.00285192 -0.00556899 ...  0.50251639  0.
   0.        ]
 [-0.00774526 -0.00735901 -0.01294616 ...  0.50251639  0.
   0.        ]
 ...
 [-0.00630812 -0.009419   -0.00830132 ...  0.50251639  0.
   0.        ]
 [-0.00581539 -0.01515119 -0.02487634 ...  0.95511159  0.
   0.        ]
 [-0.02137041 -0.0271372  -0.03976943 ...  0.84860963  0.2
   0.        ]]
Final encoded_tweets, after feature selection, shape: (285, 111)
Evaluating model...
Scores: [0.7075347881568106, 0.7052631378173828]
Classifier summary: None
ROC: 0.7579539641943734
Continued Avg: 0.7701612459499602
[[139  31]
 [ 53  62]]
Fold #: 9
features chosen shape: (2567, 11)
features before normalization: [[ 1.      0.      0.     ...  0.168   0.      0.    ]
 [ 2.      0.      0.     ...  0.      0.      0.    ]
 [ 1.      1.      0.     ... -0.7764  1.      0.    ]
 ...
 [ 0.      0.      0.     ...  0.6808  1.      0.    ]
 [ 1.      0.      1.     ... -0.4019  0.      0.    ]
 [ 5.      0.      0.     ... -0.6373  0.      1.    ]]
features after normalization: [[0.02173913 0.         0.         ... 0.58792131 0.         0.        ]
 [0.04347826 0.         0.         ... 0.50251639 0.         0.        ]
 [0.02173913 0.1        0.         ... 0.1078237  0.2        0.        ]
 ...
 [0.         0.         0.         ... 0.84860963 0.2        0.        ]
 [0.02173913 0.         0.14285714 ... 0.29820548 0.         0.        ]
 [0.10869565 0.         0.         ... 0.17853693 0.         0.2       ]]
encoded_tweets before tweets shape: (2567, 100)
before tweets extra_features shape: (2567, 11)
before encoded_tweets: [[ 6.35014847e-04 -8.94214725e-04 -6.57257717e-03 ...  3.41236009e-04
  -4.21256619e-03 -7.84350268e-04]
 [ 2.42666320e-05 -4.84141521e-03 -7.25193357e-04 ...  2.88872165e-03
  -4.30657715e-03 -6.01324253e-04]
 [ 3.52035323e-03 -1.88327651e-03 -2.91722431e-03 ...  5.42146445e-04
  -7.53925461e-03 -2.70828186e-03]
 ...
 [ 9.78151709e-03  4.69398714e-04 -3.10090743e-03 ... -2.85724481e-03
  -1.09141795e-02 -1.23626804e-02]
 [-1.92213256e-03  2.58242479e-03 -5.89011051e-03 ... -3.04397335e-03
  -5.25478320e-03  2.91584106e-03]
 [-2.95351003e-03  3.64823942e-03  5.17998938e-04 ... -2.57984432e-03
  -5.51354256e-04  5.19082125e-04]]
final encoded_tweets shape: (2567, 111)
final encoded_tweets: [[ 6.35014847e-04 -8.94214725e-04 -6.57257717e-03 ...  5.87921305e-01
   0.00000000e+00  0.00000000e+00]
 [ 2.42666320e-05 -4.84141521e-03 -7.25193357e-04 ...  5.02516395e-01
   0.00000000e+00  0.00000000e+00]
 [ 3.52035323e-03 -1.88327651e-03 -2.91722431e-03 ...  1.07823700e-01
   2.00000000e-01  0.00000000e+00]
 ...
 [ 9.78151709e-03  4.69398714e-04 -3.10090743e-03 ...  8.48609628e-01
   2.00000000e-01  0.00000000e+00]
 [-1.92213256e-03  2.58242479e-03 -5.89011051e-03 ...  2.98205480e-01
   0.00000000e+00  0.00000000e+00]
 [-2.95351003e-03  3.64823942e-03  5.17998938e-04 ...  1.78536933e-01
   0.00000000e+00  2.00000000e-01]]
Final encoded_tweets, after feature selection, shape: (2567, 111)
features chosen shape: (285, 11)
features before normalization: [[ 1.      0.      0.     ... -0.5815  1.      0.    ]
 [ 2.      0.      0.     ... -0.4329  0.      0.    ]
 [ 5.      0.      0.     ... -0.8834  0.      2.    ]
 ...
 [ 0.      0.      1.     ...  0.8402  1.      0.    ]
 [ 1.      0.      0.     ...  0.      0.      0.    ]
 [ 0.      0.      0.     ... -0.2023  0.      1.    ]]
features after normalization: [[0.02173913 0.         0.         ... 0.20690356 0.2        0.        ]
 [0.04347826 0.         0.         ... 0.28244624 0.         0.        ]
 [0.10869565 0.         0.         ... 0.05342891 0.         0.4       ]
 ...
 [0.         0.         0.14285714 ... 0.92964262 0.2        0.        ]
 [0.02173913 0.         0.         ... 0.50251639 0.         0.        ]
 [0.         0.         0.         ... 0.39967465 0.         0.2       ]]
encoded_tweets before tweets shape: (285, 100)
before tweets extra_features shape: (285, 11)
before encoded_tweets: [[ 0.0900004  -0.03217211 -0.06492904 ... -0.03558291 -0.06662337
  -0.06163638]
 [ 0.0408661  -0.01997789 -0.0305913  ... -0.01142316 -0.0354305
  -0.02574327]
 [ 0.06418187 -0.02377361 -0.04568462 ... -0.02176839 -0.04746182
  -0.04495127]
 ...
 [ 0.04720548 -0.01579496 -0.03240333 ... -0.02355084 -0.03779079
  -0.03222821]
 [ 0.0062945   0.0009807  -0.0017359  ... -0.00160591 -0.0049654
  -0.00943055]
 [ 0.02902826 -0.01481773 -0.0131891  ... -0.00770722 -0.02113305
  -0.01548627]]
final encoded_tweets shape: (285, 111)
final encoded_tweets: [[ 0.0900004  -0.03217211 -0.06492904 ...  0.20690356  0.2
   0.        ]
 [ 0.0408661  -0.01997789 -0.0305913  ...  0.28244624  0.
   0.        ]
 [ 0.06418187 -0.02377361 -0.04568462 ...  0.05342891  0.
   0.4       ]
 ...
 [ 0.04720548 -0.01579496 -0.03240333 ...  0.92964262  0.2
   0.        ]
 [ 0.0062945   0.0009807  -0.0017359  ...  0.50251639  0.
   0.        ]
 [ 0.02902826 -0.01481773 -0.0131891  ...  0.39967465  0.
   0.2       ]]
Final encoded_tweets, after feature selection, shape: (285, 111)
Evaluating model...
Scores: [0.6417516187617653, 0.6842105388641357]
Classifier summary: None
ROC: 0.80297783933518
Continued Avg: 0.7738075341038735
[[131  21]
 [ 69  64]]
Fold #: 10
features chosen shape: (2567, 11)
features before normalization: [[ 1.      0.      0.     ...  0.168   0.      0.    ]
 [ 2.      0.      0.     ...  0.      0.      0.    ]
 [ 1.      1.      0.     ... -0.7764  1.      0.    ]
 ...
 [ 0.      0.      0.     ...  0.6808  1.      0.    ]
 [ 1.      0.      1.     ... -0.4019  0.      0.    ]
 [ 5.      0.      0.     ... -0.6373  0.      1.    ]]
features after normalization: [[0.02173913 0.         0.         ... 0.58792131 0.         0.        ]
 [0.04347826 0.         0.         ... 0.50251639 0.         0.        ]
 [0.02173913 0.1        0.         ... 0.1078237  0.2        0.        ]
 ...
 [0.         0.         0.         ... 0.84860963 0.2        0.        ]
 [0.02173913 0.         0.14285714 ... 0.29820548 0.         0.        ]
 [0.10869565 0.         0.         ... 0.17853693 0.         0.2       ]]
encoded_tweets before tweets shape: (2567, 100)
before tweets extra_features shape: (2567, 11)
before encoded_tweets: [[-1.75010448e-03 -1.21127791e-03 -7.18072057e-03 ...  1.20015073e-04
  -1.76787656e-03 -2.75687198e-05]
 [ 2.24680422e-04 -5.38749341e-03 -1.61569647e-03 ...  2.17355532e-03
  -4.51723160e-03 -8.49499949e-04]
 [ 1.13115639e-04 -3.29065765e-03 -4.50546201e-03 ... -3.36404570e-04
  -4.74208780e-03 -1.73137640e-03]
 ...
 [ 1.69771898e-03 -4.91930498e-03 -9.00717638e-03 ... -6.34606136e-03
  -4.70157294e-03 -1.00776721e-02]
 [-3.57363303e-03  2.82631768e-03 -5.16861491e-03 ... -2.74615898e-03
  -4.02364647e-03  3.89155280e-03]
 [-4.04669251e-03  3.72672128e-03  9.44222498e-04 ... -2.47191661e-03
   2.51388439e-04  1.31531979e-03]]
final encoded_tweets shape: (2567, 111)
final encoded_tweets: [[-1.75010448e-03 -1.21127791e-03 -7.18072057e-03 ...  5.87921305e-01
   0.00000000e+00  0.00000000e+00]
 [ 2.24680422e-04 -5.38749341e-03 -1.61569647e-03 ...  5.02516395e-01
   0.00000000e+00  0.00000000e+00]
 [ 1.13115639e-04 -3.29065765e-03 -4.50546201e-03 ...  1.07823700e-01
   2.00000000e-01  0.00000000e+00]
 ...
 [ 1.69771898e-03 -4.91930498e-03 -9.00717638e-03 ...  8.48609628e-01
   2.00000000e-01  0.00000000e+00]
 [-3.57363303e-03  2.82631768e-03 -5.16861491e-03 ...  2.98205480e-01
   0.00000000e+00  0.00000000e+00]
 [-4.04669251e-03  3.72672128e-03  9.44222498e-04 ...  1.78536933e-01
   0.00000000e+00  2.00000000e-01]]
Final encoded_tweets, after feature selection, shape: (2567, 111)
features chosen shape: (285, 11)
features before normalization: [[ 4.      0.      0.     ... -0.7096  0.      0.    ]
 [ 0.      0.      0.     ...  0.3612  0.      0.    ]
 [ 0.      0.      0.     ... -0.7059  0.      0.    ]
 ...
 [ 0.      0.      0.     ... -0.7184  0.      0.    ]
 [ 0.      0.      0.     ... -0.5994  0.      1.    ]
 [ 5.      1.      0.     ...  0.2337  0.      0.    ]]
features after normalization: [[0.08695652 0.         0.         ... 0.14178232 0.         0.        ]
 [0.         0.         0.         ... 0.68613695 0.         0.        ]
 [0.         0.         0.         ... 0.14366326 0.         0.        ]
 ...
 [0.         0.         0.         ... 0.13730873 0.         0.        ]
 [0.         0.         0.         ... 0.19780387 0.         0.2       ]
 [0.10869565 0.1        0.         ... 0.62132073 0.         0.        ]]
encoded_tweets before tweets shape: (285, 100)
before tweets extra_features shape: (285, 11)
before encoded_tweets: [[ 0.00404669 -0.01432287 -0.02506711 ... -0.01962952 -0.00393484
  -0.01579261]
 [ 0.00355142 -0.00691066 -0.01747683 ... -0.01113772  0.00123192
  -0.00248602]
 [ 0.00115849 -0.01161199 -0.01639464 ... -0.00542937 -0.00443003
  -0.00585854]
 ...
 [ 0.0107336  -0.03058288 -0.05263079 ... -0.02663526 -0.00721675
  -0.02364929]
 [ 0.00592964 -0.01288868 -0.02235343 ... -0.01014924 -0.00769872
  -0.00312631]
 [ 0.00835259 -0.03416254 -0.04710126 ... -0.03122809 -0.00374851
  -0.02075719]]
final encoded_tweets shape: (285, 111)
final encoded_tweets: [[ 0.00404669 -0.01432287 -0.02506711 ...  0.14178232  0.
   0.        ]
 [ 0.00355142 -0.00691066 -0.01747683 ...  0.68613695  0.
   0.        ]
 [ 0.00115849 -0.01161199 -0.01639464 ...  0.14366326  0.
   0.        ]
 ...
 [ 0.0107336  -0.03058288 -0.05263079 ...  0.13730873  0.
   0.        ]
 [ 0.00592964 -0.01288868 -0.02235343 ...  0.19780387  0.
   0.2       ]
 [ 0.00835259 -0.03416254 -0.04710126 ...  0.62132073  0.
   0.        ]]
Final encoded_tweets, after feature selection, shape: (285, 111)
Evaluating model...
Scores: [0.5165315841373644, 0.7333333492279053]
Classifier summary: None
ROC: 0.8236543209876542
Continued Avg: 0.7787922127922516
[[115  35]
 [ 41  94]]
Average Precision: 0.709086888038718
Average Accuracy: 0.7096601643970064
Average Recall: 0.5862325449887253
Average F1-score: 0.6279931919767086
Average ROC:0.7787922127922516
