Fold #: 1
features chosen shape: (2566, 11)
features before normalization: [[ 1.      0.      0.     ...  0.168   0.      0.    ]
 [ 2.      0.      0.     ...  0.      0.      0.    ]
 [ 1.      1.      0.     ... -0.7764  1.      0.    ]
 ...
 [ 0.      0.      0.     ...  0.6808  1.      0.    ]
 [ 1.      0.      1.     ... -0.4019  0.      0.    ]
 [ 5.      0.      0.     ... -0.6373  0.      1.    ]]
features after normalization: [[0.02173913 0.         0.         ... 0.58792131 0.         0.        ]
 [0.04347826 0.         0.         ... 0.50251639 0.         0.        ]
 [0.02173913 0.1        0.         ... 0.1078237  0.2        0.        ]
 ...
 [0.         0.         0.         ... 0.84860963 0.2        0.        ]
 [0.02173913 0.         0.14285714 ... 0.29820548 0.         0.        ]
 [0.10869565 0.         0.         ... 0.17853693 0.         0.2       ]]
encoded_tweets before tweets shape: (2566, 100)
before tweets extra_features shape: (2566, 11)
before encoded_tweets: [[-0.25514701 -0.19448896 -0.80201518 ... -0.58218406 -1.06617118
  -0.69090819]
 [-1.31115408 -0.50429496 -1.47154928 ... -1.72292706 -1.79733056
  -1.65249814]
 [-0.69855284  0.74597051  0.46394331 ...  0.57968774 -0.04767422
  -0.23885816]
 ...
 [ 1.49726121 -0.38695471  1.84771408 ...  0.28497795  1.47182088
   1.42322437]
 [ 0.55510952 -0.07459091  0.41842812 ... -0.55643186 -0.32482988
  -0.31694959]
 [-0.1726114  -0.8631479  -0.76132705 ... -1.85586052 -1.34469332
  -1.25096943]]
final encoded_tweets shape: (2566, 111)
final encoded_tweets: [[-0.25514701 -0.19448896 -0.80201518 ...  0.58792131  0.
   0.        ]
 [-1.31115408 -0.50429496 -1.47154928 ...  0.50251639  0.
   0.        ]
 [-0.69855284  0.74597051  0.46394331 ...  0.1078237   0.2
   0.        ]
 ...
 [ 1.49726121 -0.38695471  1.84771408 ...  0.84860963  0.2
   0.        ]
 [ 0.55510952 -0.07459091  0.41842812 ...  0.29820548  0.
   0.        ]
 [-0.1726114  -0.8631479  -0.76132705 ...  0.17853693  0.
   0.2       ]]
Final encoded_tweets, after feature selection, shape: (2566, 111)
features chosen shape: (286, 11)
features before normalization: [[ 0.      2.      0.     ...  0.6467  0.      0.    ]
 [ 0.      0.      0.     ... -0.3599  0.      1.    ]
 [ 0.      0.      0.     ... -0.4145  2.      0.    ]
 ...
 [ 4.      0.      0.     ...  0.3612  0.      0.    ]
 [ 1.      0.      0.     ...  0.      0.      0.    ]
 [ 1.      0.      0.     ...  0.574   0.      0.    ]]
features after normalization: [[0.         0.2        0.         ... 0.83127446 0.         0.        ]
 [0.         0.         0.         ... 0.31955671 0.         0.2       ]
 [0.         0.         0.         ... 0.29180011 0.4        0.        ]
 ...
 [0.08695652 0.         0.         ... 0.68613695 0.         0.        ]
 [0.02173913 0.         0.         ... 0.50251639 0.         0.        ]
 [0.02173913 0.         0.         ... 0.79431651 0.         0.        ]]
encoded_tweets before tweets shape: (286, 100)
before tweets extra_features shape: (286, 11)
before encoded_tweets: [[ 0.39363784  0.16795877  1.02590966 ...  0.65240729  0.94022042
   0.89702563]
 [-1.45092595 -0.08006369 -0.93290732 ...  0.05435044 -0.84941442
  -0.59058421]
 [-0.93153226  0.3698394  -0.86907084 ... -0.04572027 -0.06472636
  -0.23356856]
 ...
 [-2.37882671  2.48916594 -0.71957828 ...  0.64181151 -1.7124715
  -2.28975767]
 [ 0.86554301 -0.4274743   1.07098126 ...  0.32780294  0.96984433
   1.01736065]
 [-1.21380261  1.84182025 -0.5000576  ...  0.95562736 -0.91283242
  -1.18136528]]
final encoded_tweets shape: (286, 111)
final encoded_tweets: [[ 0.39363784  0.16795877  1.02590966 ...  0.83127446  0.
   0.        ]
 [-1.45092595 -0.08006369 -0.93290732 ...  0.31955671  0.
   0.2       ]
 [-0.93153226  0.3698394  -0.86907084 ...  0.29180011  0.4
   0.        ]
 ...
 [-2.37882671  2.48916594 -0.71957828 ...  0.68613695  0.
   0.        ]
 [ 0.86554301 -0.4274743   1.07098126 ...  0.50251639  0.
   0.        ]
 [-1.21380261  1.84182025 -0.5000576  ...  0.79431651  0.
   0.        ]]
Final encoded_tweets, after feature selection, shape: (286, 111)
Fold #: 1
features chosen shape: (2566, 11)
features before normalization: [[ 1.      0.      0.     ...  0.168   0.      0.    ]
 [ 2.      0.      0.     ...  0.      0.      0.    ]
 [ 1.      1.      0.     ... -0.7764  1.      0.    ]
 ...
 [ 0.      0.      0.     ...  0.6808  1.      0.    ]
 [ 1.      0.      1.     ... -0.4019  0.      0.    ]
 [ 5.      0.      0.     ... -0.6373  0.      1.    ]]
features after normalization: [[0.02173913 0.         0.         ... 0.58792131 0.         0.        ]
 [0.04347826 0.         0.         ... 0.50251639 0.         0.        ]
 [0.02173913 0.1        0.         ... 0.1078237  0.2        0.        ]
 ...
 [0.         0.         0.         ... 0.84860963 0.2        0.        ]
 [0.02173913 0.         0.14285714 ... 0.29820548 0.         0.        ]
 [0.10869565 0.         0.         ... 0.17853693 0.         0.2       ]]
encoded_tweets before tweets shape: (2566, 100)
before tweets extra_features shape: (2566, 11)
before encoded_tweets: [[ 0.45133565  0.34403883  0.61443343 ...  0.59245981 -0.36149712
   0.67586711]
 [ 1.71679496  1.0331838   1.5865751  ...  0.9209941  -0.29330294
   1.27495967]
 [ 0.1865657  -0.98477456 -0.05033441 ...  0.2812369  -0.42911551
  -0.59652135]
 ...
 [-0.58591365  0.06314346  0.17194612 ... -1.86530671  1.78037139
   0.1500585 ]
 [ 1.09795354  0.65263062  0.9614514  ... -0.55553319  0.87698078
   0.65618436]
 [ 1.78934878  1.99762571  2.03623378 ... -0.03477525  0.84173023
   1.55918481]]
final encoded_tweets shape: (2566, 111)
final encoded_tweets: [[ 0.45133565  0.34403883  0.61443343 ...  0.58792131  0.
   0.        ]
 [ 1.71679496  1.0331838   1.5865751  ...  0.50251639  0.
   0.        ]
 [ 0.1865657  -0.98477456 -0.05033441 ...  0.1078237   0.2
   0.        ]
 ...
 [-0.58591365  0.06314346  0.17194612 ...  0.84860963  0.2
   0.        ]
 [ 1.09795354  0.65263062  0.9614514  ...  0.29820548  0.
   0.        ]
 [ 1.78934878  1.99762571  2.03623378 ...  0.17853693  0.
   0.2       ]]
Final encoded_tweets, after feature selection, shape: (2566, 111)
features chosen shape: (286, 11)
features before normalization: [[ 0.      2.      0.     ...  0.6467  0.      0.    ]
 [ 0.      0.      0.     ... -0.3599  0.      1.    ]
 [ 0.      0.      0.     ... -0.4145  2.      0.    ]
 ...
 [ 4.      0.      0.     ...  0.3612  0.      0.    ]
 [ 1.      0.      0.     ...  0.      0.      0.    ]
 [ 1.      0.      0.     ...  0.574   0.      0.    ]]
features after normalization: [[0.         0.2        0.         ... 0.83127446 0.         0.        ]
 [0.         0.         0.         ... 0.31955671 0.         0.2       ]
 [0.         0.         0.         ... 0.29180011 0.4        0.        ]
 ...
 [0.08695652 0.         0.         ... 0.68613695 0.         0.        ]
 [0.02173913 0.         0.         ... 0.50251639 0.         0.        ]
 [0.02173913 0.         0.         ... 0.79431651 0.         0.        ]]
encoded_tweets before tweets shape: (286, 100)
before tweets extra_features shape: (286, 11)
before encoded_tweets: [[-0.78135732 -0.15720919 -0.51948419 ... -0.56214611  0.2107197
  -0.41679837]
 [-0.0449998  -0.55397443 -0.06952865 ...  0.67304817 -0.77247099
   0.36649387]
 [-0.58510353 -0.06122278 -0.66032191 ...  1.04196308 -1.09757961
  -0.64153696]
 ...
 [ 1.27728391 -1.78938304  0.1038775  ...  1.95084371 -1.45104351
  -1.1859155 ]
 [-0.5458763   0.02757813 -0.2457524  ... -0.9248601   0.50580658
   0.1586985 ]
 [ 0.17008898 -0.50313059 -0.55339886 ...  1.67225315 -1.3959908
  -1.41983269]]
final encoded_tweets shape: (286, 111)
final encoded_tweets: [[-0.78135732 -0.15720919 -0.51948419 ...  0.83127446  0.
   0.        ]
 [-0.0449998  -0.55397443 -0.06952865 ...  0.31955671  0.
   0.2       ]
 [-0.58510353 -0.06122278 -0.66032191 ...  0.29180011  0.4
   0.        ]
 ...
 [ 1.27728391 -1.78938304  0.1038775  ...  0.68613695  0.
   0.        ]
 [-0.5458763   0.02757813 -0.2457524  ...  0.50251639  0.
   0.        ]
 [ 0.17008898 -0.50313059 -0.55339886 ...  0.79431651  0.
   0.        ]]
Final encoded_tweets, after feature selection, shape: (286, 111)
Evaluating model...
Scores: [0.5092658137941694, 0.7307692170143127]
Classifier summary: None
ROC: 0.8290645599557188
Continued Avg: 0.8290645599557188
[[111  56]
 [ 21  98]]
Fold #: 2
features chosen shape: (2566, 11)
features before normalization: [[ 1.      0.      0.     ...  0.168   0.      0.    ]
 [ 1.      1.      0.     ... -0.7764  1.      0.    ]
 [ 1.      0.      0.     ... -0.5815  1.      0.    ]
 ...
 [ 0.      0.      0.     ...  0.6808  1.      0.    ]
 [ 1.      0.      1.     ... -0.4019  0.      0.    ]
 [ 5.      0.      0.     ... -0.6373  0.      1.    ]]
features after normalization: [[0.02173913 0.         0.         ... 0.59056324 0.         0.        ]
 [0.02173913 0.1        0.         ... 0.10830823 0.2        0.        ]
 [0.02173913 0.         0.         ... 0.20783332 0.2        0.        ]
 ...
 [0.         0.         0.         ... 0.85242302 0.2        0.        ]
 [0.02173913 0.         0.14285714 ... 0.29954552 0.         0.        ]
 [0.10869565 0.         0.         ... 0.17933922 0.         0.2       ]]
encoded_tweets before tweets shape: (2566, 100)
before tweets extra_features shape: (2566, 11)
before encoded_tweets: [[ 0.50845557 -0.37531093  0.36730871 ...  0.1956631   0.04427036
   0.76916385]
 [ 0.52670912 -0.6635552  -0.30588139 ...  0.65100817 -0.65057091
  -0.07300395]
 [-0.18180714 -0.65859857 -0.36140992 ...  0.33028371 -0.5808028
   0.03736461]
 ...
 [-0.98432813  0.78502133  0.81970019 ... -1.6689137   0.99676212
  -0.61867136]
 [ 0.8802014   0.99520958  1.17941768 ... -1.10181814  1.52370465
   1.11216388]
 [ 1.96488707  1.58604265  2.19297931 ... -0.99065449  2.13564266
   2.27951441]]
final encoded_tweets shape: (2566, 111)
final encoded_tweets: [[ 0.50845557 -0.37531093  0.36730871 ...  0.59056324  0.
   0.        ]
 [ 0.52670912 -0.6635552  -0.30588139 ...  0.10830823  0.2
   0.        ]
 [-0.18180714 -0.65859857 -0.36140992 ...  0.20783332  0.2
   0.        ]
 ...
 [-0.98432813  0.78502133  0.81970019 ...  0.85242302  0.2
   0.        ]
 [ 0.8802014   0.99520958  1.17941768 ...  0.29954552  0.
   0.        ]
 [ 1.96488707  1.58604265  2.19297931 ...  0.17933922  0.
   0.2       ]]
Final encoded_tweets, after feature selection, shape: (2566, 111)
features chosen shape: (286, 11)
features before normalization: [[ 2.      0.      0.     ...  0.      0.      0.    ]
 [ 0.      1.      1.     ... -0.3164  0.      0.    ]
 [ 0.      2.      1.     ...  0.5399  0.      0.    ]
 ...
 [ 1.      0.      0.     ... -0.6115  0.      1.    ]
 [ 1.      0.      0.     ... -0.5267  1.      0.    ]
 [ 0.      1.      0.     ...  0.3412  1.      0.    ]]
features after normalization: [[0.04347826 0.         0.         ... 0.50477455 0.         0.        ]
 [0.         0.1        0.14285714 ... 0.34320584 0.         0.        ]
 [0.         0.2        0.14285714 ... 0.78047286 0.         0.        ]
 ...
 [0.02173913 0.         0.         ... 0.19251392 0.         0.2       ]
 [0.02173913 0.         0.         ... 0.23581678 0.2        0.        ]
 [0.         0.1        0.         ... 0.6790073  0.2        0.        ]]
encoded_tweets before tweets shape: (286, 100)
before tweets extra_features shape: (286, 11)
before encoded_tweets: [[ 1.83108612  0.41481255  0.81368319 ...  0.03745658  0.64063536
   1.65556553]
 [ 0.41370843 -2.0958553  -2.60520336 ...  2.88829137 -2.92825344
  -0.83915506]
 [-1.06240021  0.36498105  0.53471568 ... -0.95712745  0.46207509
  -0.46971704]
 ...
 [ 0.68876767 -0.20180378 -0.38683327 ...  1.23355622 -0.57491427
   0.11085491]
 [ 0.49856541 -2.31946787 -1.09840877 ...  0.01121872 -0.59075987
  -0.67644547]
 [-0.41012955  0.52455592  0.75063342 ... -0.65309673  0.46689528
   0.28931522]]
final encoded_tweets shape: (286, 111)
final encoded_tweets: [[ 1.83108612  0.41481255  0.81368319 ...  0.50477455  0.
   0.        ]
 [ 0.41370843 -2.0958553  -2.60520336 ...  0.34320584  0.
   0.        ]
 [-1.06240021  0.36498105  0.53471568 ...  0.78047286  0.
   0.        ]
 ...
 [ 0.68876767 -0.20180378 -0.38683327 ...  0.19251392  0.
   0.2       ]
 [ 0.49856541 -2.31946787 -1.09840877 ...  0.23581678  0.2
   0.        ]
 [-0.41012955  0.52455592  0.75063342 ...  0.6790073   0.2
   0.        ]]
Final encoded_tweets, after feature selection, shape: (286, 111)
Evaluating model...
Scores: [0.49698239731621907, 0.751748263835907]
Classifier summary: None
ROC: 0.850639411445218
Continued Avg: 0.8398519857004685
[[130  27]
 [ 44  85]]
Fold #: 3
features chosen shape: (2567, 11)
features before normalization: [[ 1.      0.      0.     ...  0.168   0.      0.    ]
 [ 2.      0.      0.     ...  0.      0.      0.    ]
 [ 1.      0.      0.     ... -0.5815  1.      0.    ]
 ...
 [ 0.      0.      1.     ...  0.8903  0.      0.    ]
 [ 0.      0.      0.     ...  0.6808  1.      0.    ]
 [ 5.      0.      0.     ... -0.6373  0.      1.    ]]
features after normalization: [[0.03703704 0.         0.         ... 0.58792131 0.         0.        ]
 [0.07407407 0.         0.         ... 0.50251639 0.         0.        ]
 [0.03703704 0.         0.         ... 0.20690356 0.2        0.        ]
 ...
 [0.         0.         0.14285714 ... 0.95511159 0.         0.        ]
 [0.         0.         0.         ... 0.84860963 0.2        0.        ]
 [0.18518519 0.         0.         ... 0.17853693 0.         0.2       ]]
encoded_tweets before tweets shape: (2567, 100)
before tweets extra_features shape: (2567, 11)
before encoded_tweets: [[ 0.48067469 -0.16828475  0.2306887  ...  0.0264611  -0.0218068
   0.92873975]
 [ 1.92330796 -0.28950199  0.74767491 ... -0.16936779  0.31863253
   1.73535517]
 [-0.23244153 -0.02281475 -0.22828899 ...  0.09627992 -0.26687802
   0.17546483]
 ...
 [-0.96490302  1.38922946  0.81722575 ... -1.18932165  1.26504149
  -0.85454248]
 [-0.7078633   1.40463065  1.26674892 ... -1.62003469  1.50764357
  -0.8410467 ]
 [ 1.81541985  0.92923677  1.64173366 ... -1.19427021  1.3006098
   1.81736687]]
final encoded_tweets shape: (2567, 111)
final encoded_tweets: [[ 0.48067469 -0.16828475  0.2306887  ...  0.58792131  0.
   0.        ]
 [ 1.92330796 -0.28950199  0.74767491 ...  0.50251639  0.
   0.        ]
 [-0.23244153 -0.02281475 -0.22828899 ...  0.20690356  0.2
   0.        ]
 ...
 [-0.96490302  1.38922946  0.81722575 ...  0.95511159  0.
   0.        ]
 [-0.7078633   1.40463065  1.26674892 ...  0.84860963  0.2
   0.        ]
 [ 1.81541985  0.92923677  1.64173366 ...  0.17853693  0.
   0.2       ]]
Final encoded_tweets, after feature selection, shape: (2567, 111)
features chosen shape: (285, 11)
features before normalization: [[ 1.      1.      0.     ... -0.7764  1.      0.    ]
 [ 5.      0.      0.     ... -0.7351  0.      1.    ]
 [ 1.      0.      0.     ...  0.765   1.      0.    ]
 ...
 [ 0.      1.      0.     ...  0.3802  0.      0.    ]
 [ 0.      0.      0.     ...  0.      0.      0.    ]
 [ 1.      0.      1.     ... -0.4019  0.      0.    ]]
features after normalization: [[0.03703704 0.1        0.         ... 0.1078237  0.2        0.        ]
 [0.18518519 0.         0.         ... 0.12881907 0.         0.2       ]
 [0.03703704 0.         0.         ... 0.89141376 0.2        0.        ]
 ...
 [0.         0.1        0.         ... 0.69579584 0.         0.        ]
 [0.         0.         0.         ... 0.50251639 0.         0.        ]
 [0.03703704 0.         0.14285714 ... 0.29820548 0.         0.        ]]
encoded_tweets before tweets shape: (285, 100)
before tweets extra_features shape: (285, 11)
before encoded_tweets: [[ 1.08002708 -2.34017513 -0.18808356 ...  1.00333718 -0.6686637
  -0.30692953]
 [ 0.40593943 -0.63377661 -0.13823296 ...  0.57256449 -0.11296854
  -0.47446772]
 [-0.44614083  0.99136851  0.53416935 ... -0.71832328  0.78693878
  -0.28624105]
 ...
 [-0.65067656  1.34323092  0.26065853 ... -0.4805757   0.3155665
  -0.41239888]
 [-0.51947236  1.00567922 -0.32444052 ... -0.26709247 -0.27211145
  -0.06035773]
 [ 3.20521803  0.86802558  2.94692868 ... -2.33875296  2.35705798
   2.89080142]]
final encoded_tweets shape: (285, 111)
final encoded_tweets: [[ 1.08002708 -2.34017513 -0.18808356 ...  0.1078237   0.2
   0.        ]
 [ 0.40593943 -0.63377661 -0.13823296 ...  0.12881907  0.
   0.2       ]
 [-0.44614083  0.99136851  0.53416935 ...  0.89141376  0.2
   0.        ]
 ...
 [-0.65067656  1.34323092  0.26065853 ...  0.69579584  0.
   0.        ]
 [-0.51947236  1.00567922 -0.32444052 ...  0.50251639  0.
   0.        ]
 [ 3.20521803  0.86802558  2.94692868 ...  0.29820548  0.
   0.        ]]
Final encoded_tweets, after feature selection, shape: (285, 111)
Evaluating model...
Scores: [0.5536209533089086, 0.7368420958518982]
Classifier summary: None
ROC: 0.8471688311688312
Continued Avg: 0.8422909341899226
[[120  55]
 [ 20  90]]
Fold #: 4
features chosen shape: (2567, 11)
features before normalization: [[ 1.      0.      0.     ...  0.168   0.      0.    ]
 [ 2.      0.      0.     ...  0.      0.      0.    ]
 [ 1.      1.      0.     ... -0.7764  1.      0.    ]
 ...
 [ 0.      0.      0.     ...  0.6808  1.      0.    ]
 [ 1.      0.      1.     ... -0.4019  0.      0.    ]
 [ 5.      0.      0.     ... -0.6373  0.      1.    ]]
features after normalization: [[0.02173913 0.         0.         ... 0.58792131 0.         0.        ]
 [0.04347826 0.         0.         ... 0.50251639 0.         0.        ]
 [0.02173913 0.1        0.         ... 0.1078237  0.2        0.        ]
 ...
 [0.         0.         0.         ... 0.84860963 0.2        0.        ]
 [0.02173913 0.         0.14285714 ... 0.29820548 0.         0.        ]
 [0.10869565 0.         0.         ... 0.17853693 0.         0.2       ]]
encoded_tweets before tweets shape: (2567, 100)
before tweets extra_features shape: (2567, 11)
before encoded_tweets: [[ 0.25200554  0.40608304  0.28116914 ...  0.94246499 -0.15550515
   0.3404265 ]
 [ 1.80594641  0.36683955  1.19555874 ...  1.10847448  0.54277792
   0.74180385]
 [ 1.22439208 -2.06056879 -0.17595178 ...  0.99432078 -0.61988798
  -0.98151986]
 ...
 [-0.21684528  0.3435875   1.20673191 ... -2.40326127  1.63906918
   0.81109044]
 [ 3.25478555  1.40658039  3.23422259 ... -0.14491537  2.86137131
   2.27219454]
 [ 1.82655222  1.28986509  1.9295163  ...  0.12520723  1.64306565
   1.39917971]]
final encoded_tweets shape: (2567, 111)
final encoded_tweets: [[ 0.25200554  0.40608304  0.28116914 ...  0.58792131  0.
   0.        ]
 [ 1.80594641  0.36683955  1.19555874 ...  0.50251639  0.
   0.        ]
 [ 1.22439208 -2.06056879 -0.17595178 ...  0.1078237   0.2
   0.        ]
 ...
 [-0.21684528  0.3435875   1.20673191 ...  0.84860963  0.2
   0.        ]
 [ 3.25478555  1.40658039  3.23422259 ...  0.29820548  0.
   0.        ]
 [ 1.82655222  1.28986509  1.9295163  ...  0.17853693  0.
   0.2       ]]
Final encoded_tweets, after feature selection, shape: (2567, 111)
features chosen shape: (285, 11)
features before normalization: [[ 1.      1.      0.     ...  0.9441  0.      0.    ]
 [ 0.      0.      0.     ...  0.3612  0.      0.    ]
 [ 4.      0.      0.     ... -0.8898  0.      1.    ]
 ...
 [ 0.      0.      0.     ... -0.836   0.      1.    ]
 [ 3.      0.      0.     ... -0.755   0.      2.    ]
 [ 2.      2.      0.     ... -0.4334  0.      1.    ]]
features after normalization: [[0.02173913 0.1        0.         ... 0.98246149 0.         0.        ]
 [0.         0.         0.         ... 0.68613695 0.         0.        ]
 [0.08695652 0.         0.         ... 0.05017539 0.         0.2       ]
 ...
 [0.         0.         0.         ... 0.07752529 0.         0.2       ]
 [0.06521739 0.         0.         ... 0.11870266 0.         0.4       ]
 [0.04347826 0.2        0.         ... 0.28219206 0.         0.2       ]]
encoded_tweets before tweets shape: (285, 100)
before tweets extra_features shape: (285, 11)
before encoded_tweets: [[-0.41652024  0.24789535  0.55276082 ... -1.28747507  0.7184699
   0.54855785]
 [-0.52003528  0.46163352  0.83717366 ... -2.26547549  1.28021786
   0.76702661]
 [ 0.74609274 -0.01601562  0.33615875 ...  0.66128934  0.12866501
   0.0521769 ]
 ...
 [-0.8488557  -1.07406687 -0.77511347 ... -0.5104228  -0.83597799
  -0.61389661]
 [-0.1332723  -1.31322502 -0.68617597 ... -0.16768307 -0.66185849
  -0.75370031]
 [-0.09423533  0.85983744  0.35072148 ... -0.08654662  0.13529749
   0.34022176]]
final encoded_tweets shape: (285, 111)
final encoded_tweets: [[-0.41652024  0.24789535  0.55276082 ...  0.98246149  0.
   0.        ]
 [-0.52003528  0.46163352  0.83717366 ...  0.68613695  0.
   0.        ]
 [ 0.74609274 -0.01601562  0.33615875 ...  0.05017539  0.
   0.2       ]
 ...
 [-0.8488557  -1.07406687 -0.77511347 ...  0.07752529  0.
   0.2       ]
 [-0.1332723  -1.31322502 -0.68617597 ...  0.11870266  0.
   0.4       ]
 [-0.09423533  0.85983744  0.35072148 ...  0.28219206  0.
   0.2       ]]
Final encoded_tweets, after feature selection, shape: (285, 111)
Evaluating model...
Scores: [0.5099694666109587, 0.7508772015571594]
Classifier summary: None
ROC: 0.8382000598981731
Continued Avg: 0.8412682156169853
[[130  29]
 [ 42  84]]
Fold #: 5
features chosen shape: (2567, 11)
features before normalization: [[ 1.      0.      0.     ...  0.168   0.      0.    ]
 [ 2.      0.      0.     ...  0.      0.      0.    ]
 [ 1.      1.      0.     ... -0.7764  1.      0.    ]
 ...
 [ 0.      0.      0.     ...  0.6808  1.      0.    ]
 [ 1.      0.      1.     ... -0.4019  0.      0.    ]
 [ 5.      0.      0.     ... -0.6373  0.      1.    ]]
features after normalization: [[0.02173913 0.         0.         ... 0.58792131 0.         0.        ]
 [0.04347826 0.         0.         ... 0.50251639 0.         0.        ]
 [0.02173913 0.1        0.         ... 0.1078237  0.2        0.        ]
 ...
 [0.         0.         0.         ... 0.84860963 0.2        0.        ]
 [0.02173913 0.         0.14285714 ... 0.29820548 0.         0.        ]
 [0.10869565 0.         0.         ... 0.17853693 0.         0.2       ]]
encoded_tweets before tweets shape: (2567, 100)
before tweets extra_features shape: (2567, 11)
before encoded_tweets: [[ 0.53734093 -0.65039219  0.23854042 ...  0.4546541   0.06350792
   0.89875761]
 [ 1.97821229 -1.5195444   0.42228278 ...  0.98139912  0.56361623
   1.62603293]
 [ 1.03099682 -2.18076315 -0.67043484 ...  1.37306159 -0.59005996
  -0.36803189]
 ...
 [-0.64906388  1.52565647  1.36939189 ... -1.8305174   1.17575361
  -0.56909115]
 [ 0.89257034 -0.03780715  0.4425955  ... -0.22749153  1.08933141
   0.37635853]
 [ 2.21158611 -0.54662948  1.37360331 ...  0.20592497  1.77515178
   2.04399558]]
final encoded_tweets shape: (2567, 111)
final encoded_tweets: [[ 0.53734093 -0.65039219  0.23854042 ...  0.58792131  0.
   0.        ]
 [ 1.97821229 -1.5195444   0.42228278 ...  0.50251639  0.
   0.        ]
 [ 1.03099682 -2.18076315 -0.67043484 ...  0.1078237   0.2
   0.        ]
 ...
 [-0.64906388  1.52565647  1.36939189 ...  0.84860963  0.2
   0.        ]
 [ 0.89257034 -0.03780715  0.4425955  ...  0.29820548  0.
   0.        ]
 [ 2.21158611 -0.54662948  1.37360331 ...  0.17853693  0.
   0.2       ]]
Final encoded_tweets, after feature selection, shape: (2567, 111)
features chosen shape: (285, 11)
features before normalization: [[ 0.      0.      0.     ...  0.1689  0.      2.    ]
 [ 1.      2.      0.     ...  0.8198  0.      0.    ]
 [ 0.      0.      0.     ...  0.      0.      0.    ]
 ...
 [ 0.      0.      0.     ...  0.      0.      0.    ]
 [ 0.      0.      0.     ...  0.      0.      0.    ]
 [ 3.      4.      0.     ... -0.625   0.      0.    ]]
features after normalization: [[0.         0.         0.         ... 0.58837883 0.         0.4       ]
 [0.02173913 0.2        0.         ... 0.91927202 0.         0.        ]
 [0.         0.         0.         ... 0.50251639 0.         0.        ]
 ...
 [0.         0.         0.         ... 0.50251639 0.         0.        ]
 [0.         0.         0.         ... 0.50251639 0.         0.        ]
 [0.06521739 0.4        0.         ... 0.18478979 0.         0.        ]]
encoded_tweets before tweets shape: (285, 100)
before tweets extra_features shape: (285, 11)
before encoded_tweets: [[-0.84939623  0.69718446 -0.54294446 ... -0.28411562 -0.65476811
  -1.18959153]
 [-0.27294449  0.869221    0.72889714 ... -0.93750652  0.75470263
   0.16331297]
 [-1.10183639  1.10023822  0.22829368 ... -1.07079493 -1.20977508
  -0.71634749]
 ...
 [-1.48531485  1.29559279  0.46875164 ... -1.49623206 -0.13043595
  -1.21614463]
 [ 1.37782413 -1.30603252 -0.10886554 ...  1.19748712 -0.30786569
   1.44658401]
 [ 0.74529061 -0.23375704  0.78584358 ... -0.15888055  0.65159972
   0.89264874]]
final encoded_tweets shape: (285, 111)
final encoded_tweets: [[-0.84939623  0.69718446 -0.54294446 ...  0.58837883  0.
   0.4       ]
 [-0.27294449  0.869221    0.72889714 ...  0.91927202  0.
   0.        ]
 [-1.10183639  1.10023822  0.22829368 ...  0.50251639  0.
   0.        ]
 ...
 [-1.48531485  1.29559279  0.46875164 ...  0.50251639  0.
   0.        ]
 [ 1.37782413 -1.30603252 -0.10886554 ...  0.50251639  0.
   0.        ]
 [ 0.74529061 -0.23375704  0.78584358 ...  0.18478979  0.
   0.        ]]
Final encoded_tweets, after feature selection, shape: (285, 111)
Evaluating model...
Scores: [0.534800606443171, 0.7333333492279053]
Classifier summary: None
ROC: 0.8146500000000001
Continued Avg: 0.8359445724935883
[[108  52]
 [ 24 101]]
Fold #: 6
features chosen shape: (2567, 11)
features before normalization: [[ 1.      0.      0.     ...  0.168   0.      0.    ]
 [ 2.      0.      0.     ...  0.      0.      0.    ]
 [ 1.      1.      0.     ... -0.7764  1.      0.    ]
 ...
 [ 0.      0.      0.     ...  0.6808  1.      0.    ]
 [ 1.      0.      1.     ... -0.4019  0.      0.    ]
 [ 5.      0.      0.     ... -0.6373  0.      1.    ]]
features after normalization: [[0.02173913 0.         0.         ... 0.58792131 0.         0.        ]
 [0.04347826 0.         0.         ... 0.50251639 0.         0.        ]
 [0.02173913 0.1        0.         ... 0.1078237  0.2        0.        ]
 ...
 [0.         0.         0.         ... 0.84860963 0.2        0.        ]
 [0.02173913 0.         0.14285714 ... 0.29820548 0.         0.        ]
 [0.10869565 0.         0.         ... 0.17853693 0.         0.2       ]]
encoded_tweets before tweets shape: (2567, 100)
before tweets extra_features shape: (2567, 11)
before encoded_tweets: [[ 5.65006054e-01 -3.72837905e-01  6.00124372e-01 ...  4.67853408e-01
   2.00058536e-01  8.77444693e-01]
 [ 1.87880996e+00  5.20825204e-01  1.36838840e+00 ...  3.76998723e-01
   4.15356912e-01  1.59728008e+00]
 [ 9.78947108e-01 -1.32393967e-03  3.22132207e-01 ...  7.72110616e-01
  -7.45703199e-01 -3.29764433e-01]
 ...
 [-5.31329292e-01 -1.58750480e-01  7.37498160e-01 ... -2.26879284e+00
   1.46028625e+00 -1.24326883e-01]
 [ 9.54815437e-01  7.03709675e-01  1.01335368e+00 ... -1.19544094e+00
   1.02354876e+00  3.57470454e-01]
 [ 2.27722004e+00  8.91195678e-01  2.30685500e+00 ... -9.06999005e-01
   1.66676390e+00  1.83000952e+00]]
final encoded_tweets shape: (2567, 111)
final encoded_tweets: [[ 5.65006054e-01 -3.72837905e-01  6.00124372e-01 ...  5.87921305e-01
   0.00000000e+00  0.00000000e+00]
 [ 1.87880996e+00  5.20825204e-01  1.36838840e+00 ...  5.02516395e-01
   0.00000000e+00  0.00000000e+00]
 [ 9.78947108e-01 -1.32393967e-03  3.22132207e-01 ...  1.07823700e-01
   2.00000000e-01  0.00000000e+00]
 ...
 [-5.31329292e-01 -1.58750480e-01  7.37498160e-01 ...  8.48609628e-01
   2.00000000e-01  0.00000000e+00]
 [ 9.54815437e-01  7.03709675e-01  1.01335368e+00 ...  2.98205480e-01
   0.00000000e+00  0.00000000e+00]
 [ 2.27722004e+00  8.91195678e-01  2.30685500e+00 ...  1.78536933e-01
   0.00000000e+00  2.00000000e-01]]
Final encoded_tweets, after feature selection, shape: (2567, 111)
features chosen shape: (285, 11)
features before normalization: [[ 0.      0.      0.     ...  0.5859  0.      0.    ]
 [ 2.      0.      0.     ...  0.1372  0.      0.    ]
 [ 0.      0.      0.     ... -0.8442  0.      2.    ]
 ...
 [ 0.      0.      0.     ... -0.0516  0.      0.    ]
 [ 1.      0.      0.     ...  0.4588  0.      0.    ]
 [ 1.      1.      0.     ... -0.6114  0.      1.    ]]
features after normalization: [[0.         0.         0.         ... 0.80036602 0.         0.        ]
 [0.04347826 0.         0.         ... 0.57226374 0.         0.        ]
 [0.         0.         0.         ... 0.07335672 0.         0.4       ]
 ...
 [0.         0.         0.         ... 0.47628489 0.         0.        ]
 [0.02173913 0.         0.         ... 0.73575314 0.         0.        ]
 [0.02173913 0.1        0.         ... 0.19170352 0.         0.2       ]]
encoded_tweets before tweets shape: (285, 100)
before tweets extra_features shape: (285, 11)
before encoded_tweets: [[-0.68324614  0.22903984 -0.6429775  ...  0.07206613 -0.37960554
  -0.57906296]
 [-0.46470068  0.2003604  -0.43860972 ...  0.1583663  -0.4046655
  -0.35870754]
 [-0.31520817 -0.11623809 -0.74980537 ...  0.71489604 -0.68788238
  -0.0362451 ]
 ...
 [-0.28208253  0.20339972 -0.15500599 ...  0.05533884 -0.16228985
   0.12572341]
 [ 0.35364337 -0.69698355  0.70940089 ... -1.2534954   0.69330403
   0.64879004]
 [ 1.57538066 -0.30427361  1.11658793 ...  0.3819779   0.47729343
   1.08730639]]
final encoded_tweets shape: (285, 111)
final encoded_tweets: [[-0.68324614  0.22903984 -0.6429775  ...  0.80036602  0.
   0.        ]
 [-0.46470068  0.2003604  -0.43860972 ...  0.57226374  0.
   0.        ]
 [-0.31520817 -0.11623809 -0.74980537 ...  0.07335672  0.
   0.4       ]
 ...
 [-0.28208253  0.20339972 -0.15500599 ...  0.47628489  0.
   0.        ]
 [ 0.35364337 -0.69698355  0.70940089 ...  0.73575314  0.
   0.        ]
 [ 1.57538066 -0.30427361  1.11658793 ...  0.19170352  0.
   0.2       ]]
Final encoded_tweets, after feature selection, shape: (285, 111)
Evaluating model...
Scores: [0.5703679994532936, 0.722806990146637]
Classifier summary: None
ROC: 0.8232961959249222
Continued Avg: 0.833836509732144
[[123  39]
 [ 40  83]]
Fold #: 7
features chosen shape: (2567, 11)
features before normalization: [[ 2.      0.      0.     ...  0.      0.      0.    ]
 [ 1.      1.      0.     ... -0.7764  1.      0.    ]
 [ 1.      0.      0.     ... -0.5815  1.      0.    ]
 ...
 [ 0.      0.      1.     ...  0.8903  0.      0.    ]
 [ 0.      0.      0.     ...  0.6808  1.      0.    ]
 [ 1.      0.      1.     ... -0.4019  0.      0.    ]]
features after normalization: [[0.04347826 0.         0.         ... 0.49997445 0.         0.        ]
 [0.02173913 0.1        0.         ... 0.10326504 0.25       0.        ]
 [0.02173913 0.         0.         ... 0.20285116 0.25       0.        ]
 ...
 [0.         0.         0.14285714 ... 0.95488222 0.         0.        ]
 [0.         0.         0.         ... 0.84783608 0.25       0.        ]
 [0.02173913 0.         0.14285714 ... 0.29461959 0.         0.        ]]
encoded_tweets before tweets shape: (2567, 100)
before tweets extra_features shape: (2567, 11)
before encoded_tweets: [[ 1.74946167 -0.50141241  0.51112124 ...  1.10883869  1.13622862
   1.70422856]
 [ 0.28917728 -2.06354139 -0.44476264 ...  0.61602684 -0.48362327
  -0.59344724]
 [-0.25322638 -0.13804366 -0.30193258 ...  0.27113778 -0.50007098
   0.05256022]
 ...
 [-0.69056095  1.25973219  0.67966026 ... -1.39145051  0.12643458
  -0.73308726]
 [ 0.0207258   1.21386865  1.82264584 ... -2.29464404  0.97141307
  -0.29396063]
 [ 0.97026315  0.39803296  1.15954263 ... -0.78206575  1.22866382
   0.71615366]]
final encoded_tweets shape: (2567, 111)
final encoded_tweets: [[ 1.74946167 -0.50141241  0.51112124 ...  0.49997445  0.
   0.        ]
 [ 0.28917728 -2.06354139 -0.44476264 ...  0.10326504  0.25
   0.        ]
 [-0.25322638 -0.13804366 -0.30193258 ...  0.20285116  0.25
   0.        ]
 ...
 [-0.69056095  1.25973219  0.67966026 ...  0.95488222  0.
   0.        ]
 [ 0.0207258   1.21386865  1.82264584 ...  0.84783608  0.25
   0.        ]
 [ 0.97026315  0.39803296  1.15954263 ...  0.29461959  0.
   0.        ]]
Final encoded_tweets, after feature selection, shape: (2567, 111)
features chosen shape: (285, 11)
features before normalization: [[ 1.      0.      0.     ...  0.168   0.      0.    ]
 [ 2.      0.      0.     ... -0.5106  0.      0.    ]
 [ 0.      0.      0.     ... -0.6124  0.      0.    ]
 ...
 [ 1.      0.      0.     ...  0.6597  0.      0.    ]
 [ 0.      0.      1.     ...  0.5719  0.      0.    ]
 [ 5.      0.      0.     ... -0.6373  0.      1.    ]]
features after normalization: [[0.02173913 0.         0.         ... 0.58581575 0.         0.        ]
 [0.04347826 0.         0.         ... 0.23907823 0.         0.        ]
 [0.         0.         0.         ... 0.18706249 0.         0.        ]
 ...
 [0.02173913 0.         0.         ... 0.83705483 0.         0.        ]
 [0.         0.         0.14285714 ... 0.79219253 0.         0.        ]
 [0.10869565 0.         0.         ... 0.17433958 0.         0.2       ]]
encoded_tweets before tweets shape: (285, 100)
before tweets extra_features shape: (285, 11)
before encoded_tweets: [[ 0.49729266 -0.33809159  0.01696013 ...  0.96052866  0.26864198
   1.2013064 ]
 [ 1.12296374  0.24822755  1.21043397 ... -0.25941421  1.20480233
   1.07467152]
 [-0.80356772 -0.46006703 -1.45896085 ...  0.47193289 -1.0214556
  -1.33609809]
 ...
 [-0.05061952  0.72683249  0.95082937 ... -1.011147    0.67485533
  -0.00942549]
 [-0.34156323  0.15432745  1.44215499 ... -2.07425924  0.68961173
  -0.45266027]
 [ 2.58350179  0.56178162  1.98181869 ...  0.29416132  2.60519663
   2.59695782]]
final encoded_tweets shape: (285, 111)
final encoded_tweets: [[ 0.49729266 -0.33809159  0.01696013 ...  0.58581575  0.
   0.        ]
 [ 1.12296374  0.24822755  1.21043397 ...  0.23907823  0.
   0.        ]
 [-0.80356772 -0.46006703 -1.45896085 ...  0.18706249  0.
   0.        ]
 ...
 [-0.05061952  0.72683249  0.95082937 ...  0.83705483  0.
   0.        ]
 [-0.34156323  0.15432745  1.44215499 ...  0.79219253  0.
   0.        ]
 [ 2.58350179  0.56178162  1.98181869 ...  0.17433958  0.
   0.2       ]]
Final encoded_tweets, after feature selection, shape: (285, 111)
Evaluating model...
Scores: [0.6197427563499986, 0.7333333492279053]
Classifier summary: None
ROC: 0.7978282828282829
Continued Avg: 0.8286924773173067
[[125  40]
 [ 36  84]]
Fold #: 8
features chosen shape: (2567, 11)
features before normalization: [[ 1.      0.      0.     ...  0.168   0.      0.    ]
 [ 2.      0.      0.     ...  0.      0.      0.    ]
 [ 1.      1.      0.     ... -0.7764  1.      0.    ]
 ...
 [ 0.      0.      0.     ...  0.      0.      0.    ]
 [ 1.      0.      1.     ... -0.4019  0.      0.    ]
 [ 5.      0.      0.     ... -0.6373  0.      1.    ]]
features after normalization: [[0.02173913 0.         0.         ... 0.58792131 0.         0.        ]
 [0.04347826 0.         0.         ... 0.50251639 0.         0.        ]
 [0.02173913 0.1        0.         ... 0.1078237  0.2        0.        ]
 ...
 [0.         0.         0.         ... 0.50251639 0.         0.        ]
 [0.02173913 0.         0.14285714 ... 0.29820548 0.         0.        ]
 [0.10869565 0.         0.         ... 0.17853693 0.         0.25      ]]
encoded_tweets before tweets shape: (2567, 100)
before tweets extra_features shape: (2567, 11)
before encoded_tweets: [[ 0.34014406  0.61440282 -0.07986788 ...  0.28890849  0.31459394
   1.08244913]
 [ 1.9072275  -0.04947583  0.37711397 ...  0.30278585  0.56784829
   1.93437929]
 [ 0.36968511 -1.46267089 -0.15845167 ...  0.76933552 -0.98950715
  -0.52807123]
 ...
 [-0.64465872  2.06637692 -0.71575757 ... -0.00574661 -0.16374886
   0.26431208]
 [ 1.13600668 -0.55560356  1.15839823 ... -1.12981907  1.23531096
   0.75496775]
 [ 2.05913628  0.74650426  1.41106154 ... -0.70039966  1.58292861
   1.97787398]]
final encoded_tweets shape: (2567, 111)
final encoded_tweets: [[ 0.34014406  0.61440282 -0.07986788 ...  0.58792131  0.
   0.        ]
 [ 1.9072275  -0.04947583  0.37711397 ...  0.50251639  0.
   0.        ]
 [ 0.36968511 -1.46267089 -0.15845167 ...  0.1078237   0.2
   0.        ]
 ...
 [-0.64465872  2.06637692 -0.71575757 ...  0.50251639  0.
   0.        ]
 [ 1.13600668 -0.55560356  1.15839823 ...  0.29820548  0.
   0.        ]
 [ 2.05913628  0.74650426  1.41106154 ...  0.17853693  0.
   0.25      ]]
Final encoded_tweets, after feature selection, shape: (2567, 111)
features chosen shape: (285, 11)
features before normalization: [[1.     0.     0.     ... 0.     1.     0.    ]
 [0.     0.     0.     ... 0.     0.     0.    ]
 [0.     0.     0.     ... 0.     0.     0.    ]
 ...
 [0.     0.     0.     ... 0.     0.     0.    ]
 [0.     0.     1.     ... 0.8903 0.     0.    ]
 [0.     0.     0.     ... 0.6808 1.     0.    ]]
features after normalization: [[0.02173913 0.         0.         ... 0.50251639 0.2        0.        ]
 [0.         0.         0.         ... 0.50251639 0.         0.        ]
 [0.         0.         0.         ... 0.50251639 0.         0.        ]
 ...
 [0.         0.         0.         ... 0.50251639 0.         0.        ]
 [0.         0.         0.14285714 ... 0.95511159 0.         0.        ]
 [0.         0.         0.         ... 0.84860963 0.2        0.        ]]
encoded_tweets before tweets shape: (285, 100)
before tweets extra_features shape: (285, 11)
before encoded_tweets: [[-0.2826312   0.10749379  0.57242278 ... -0.77138191  0.48560449
  -0.10875815]
 [-0.56221318 -0.30568325  0.96458121 ... -0.54051396  0.27935774
  -1.07360547]
 [ 0.07433795 -0.33123566 -0.11693482 ...  0.33403074 -0.25804802
   0.17167519]
 ...
 [-1.25508077  0.41882527 -0.66334245 ...  0.40935812 -0.9153296
  -1.63699961]
 [-0.62440447  0.04470979  0.7792936  ... -1.01365812  0.5331958
  -0.71561912]
 [-0.26291292 -0.94592938  1.27076728 ... -1.3931248   0.76596455
  -0.75317533]]
final encoded_tweets shape: (285, 111)
final encoded_tweets: [[-0.2826312   0.10749379  0.57242278 ...  0.50251639  0.2
   0.        ]
 [-0.56221318 -0.30568325  0.96458121 ...  0.50251639  0.
   0.        ]
 [ 0.07433795 -0.33123566 -0.11693482 ...  0.50251639  0.
   0.        ]
 ...
 [-1.25508077  0.41882527 -0.66334245 ...  0.50251639  0.
   0.        ]
 [-0.62440447  0.04470979  0.7792936  ...  0.95511159  0.
   0.        ]
 [-0.26291292 -0.94592938  1.27076728 ...  0.84860963  0.2
   0.        ]]
Final encoded_tweets, after feature selection, shape: (285, 111)
Evaluating model...
Scores: [0.5638514957929912, 0.719298243522644]
Classifier summary: None
ROC: 0.820460358056266
Continued Avg: 0.8276634624096766
[[115  55]
 [ 25  90]]
Fold #: 9
features chosen shape: (2567, 11)
features before normalization: [[ 1.      0.      0.     ...  0.168   0.      0.    ]
 [ 2.      0.      0.     ...  0.      0.      0.    ]
 [ 1.      1.      0.     ... -0.7764  1.      0.    ]
 ...
 [ 0.      0.      0.     ...  0.6808  1.      0.    ]
 [ 1.      0.      1.     ... -0.4019  0.      0.    ]
 [ 5.      0.      0.     ... -0.6373  0.      1.    ]]
features after normalization: [[0.02173913 0.         0.         ... 0.58792131 0.         0.        ]
 [0.04347826 0.         0.         ... 0.50251639 0.         0.        ]
 [0.02173913 0.1        0.         ... 0.1078237  0.2        0.        ]
 ...
 [0.         0.         0.         ... 0.84860963 0.2        0.        ]
 [0.02173913 0.         0.14285714 ... 0.29820548 0.         0.        ]
 [0.10869565 0.         0.         ... 0.17853693 0.         0.2       ]]
encoded_tweets before tweets shape: (2567, 100)
before tweets extra_features shape: (2567, 11)
before encoded_tweets: [[ 0.44771076 -0.21729735 -0.41223662 ...  0.58249521  0.31412352
   0.90987884]
 [ 1.93255888 -0.86714088 -0.17769885 ...  0.54664034  1.12831691
   1.71996751]
 [ 1.28067795 -2.8665089  -0.51997182 ...  1.44678765 -0.67065456
  -0.21547921]
 ...
 [-0.30383881  1.48152438  2.00274659 ... -2.06308067  0.71270668
  -0.4757145 ]
 [ 1.07949659  0.02983869  0.97183341 ... -0.74573406  0.92706249
   0.34133178]
 [ 2.1773791   0.38419735  0.92250391 ... -0.5779359   2.18344895
   2.12568622]]
final encoded_tweets shape: (2567, 111)
final encoded_tweets: [[ 0.44771076 -0.21729735 -0.41223662 ...  0.58792131  0.
   0.        ]
 [ 1.93255888 -0.86714088 -0.17769885 ...  0.50251639  0.
   0.        ]
 [ 1.28067795 -2.8665089  -0.51997182 ...  0.1078237   0.2
   0.        ]
 ...
 [-0.30383881  1.48152438  2.00274659 ...  0.84860963  0.2
   0.        ]
 [ 1.07949659  0.02983869  0.97183341 ...  0.29820548  0.
   0.        ]
 [ 2.1773791   0.38419735  0.92250391 ...  0.17853693  0.
   0.2       ]]
Final encoded_tweets, after feature selection, shape: (2567, 111)
features chosen shape: (285, 11)
features before normalization: [[ 1.      0.      0.     ... -0.5815  1.      0.    ]
 [ 2.      0.      0.     ... -0.4329  0.      0.    ]
 [ 5.      0.      0.     ... -0.8834  0.      2.    ]
 ...
 [ 0.      0.      1.     ...  0.8402  1.      0.    ]
 [ 1.      0.      0.     ...  0.      0.      0.    ]
 [ 0.      0.      0.     ... -0.2023  0.      1.    ]]
features after normalization: [[0.02173913 0.         0.         ... 0.20690356 0.2        0.        ]
 [0.04347826 0.         0.         ... 0.28244624 0.         0.        ]
 [0.10869565 0.         0.         ... 0.05342891 0.         0.4       ]
 ...
 [0.         0.         0.14285714 ... 0.92964262 0.2        0.        ]
 [0.02173913 0.         0.         ... 0.50251639 0.         0.        ]
 [0.         0.         0.         ... 0.39967465 0.         0.2       ]]
encoded_tweets before tweets shape: (285, 100)
before tweets extra_features shape: (285, 11)
before encoded_tweets: [[-0.10866895 -0.11770454 -0.37396107 ...  0.30170071 -0.1202072
   0.32077038]
 [ 0.77573874 -0.55323502 -0.22933189 ...  0.24737939  0.69886551
   0.50277897]
 [ 0.13838598 -0.55486951  0.05680722 ... -0.23808349 -0.09831904
  -0.09814823]
 ...
 [-0.61913475  0.48835184  0.27854518 ... -0.06069062 -0.55165179
  -0.94470231]
 [-1.92201978  0.76790407  0.48839435 ... -0.73757477 -1.47840879
  -1.72897567]
 [-1.31217148  0.67842037  0.15433211 ... -0.17029303 -1.03969228
  -1.26311685]]
final encoded_tweets shape: (285, 111)
final encoded_tweets: [[-0.10866895 -0.11770454 -0.37396107 ...  0.20690356  0.2
   0.        ]
 [ 0.77573874 -0.55323502 -0.22933189 ...  0.28244624  0.
   0.        ]
 [ 0.13838598 -0.55486951  0.05680722 ...  0.05342891  0.
   0.4       ]
 ...
 [-0.61913475  0.48835184  0.27854518 ...  0.92964262  0.2
   0.        ]
 [-1.92201978  0.76790407  0.48839435 ...  0.50251639  0.
   0.        ]
 [-1.31217148  0.67842037  0.15433211 ...  0.39967465  0.
   0.2       ]]
Final encoded_tweets, after feature selection, shape: (285, 111)
Evaluating model...
Scores: [0.5100438375222055, 0.7263157963752747]
Classifier summary: None
ROC: 0.8301345468935496
Continued Avg: 0.8279380273523291
[[109  43]
 [ 35  98]]
Fold #: 10
features chosen shape: (2567, 11)
features before normalization: [[ 1.      0.      0.     ...  0.168   0.      0.    ]
 [ 2.      0.      0.     ...  0.      0.      0.    ]
 [ 1.      1.      0.     ... -0.7764  1.      0.    ]
 ...
 [ 0.      0.      0.     ...  0.6808  1.      0.    ]
 [ 1.      0.      1.     ... -0.4019  0.      0.    ]
 [ 5.      0.      0.     ... -0.6373  0.      1.    ]]
features after normalization: [[0.02173913 0.         0.         ... 0.58792131 0.         0.        ]
 [0.04347826 0.         0.         ... 0.50251639 0.         0.        ]
 [0.02173913 0.1        0.         ... 0.1078237  0.2        0.        ]
 ...
 [0.         0.         0.         ... 0.84860963 0.2        0.        ]
 [0.02173913 0.         0.14285714 ... 0.29820548 0.         0.        ]
 [0.10869565 0.         0.         ... 0.17853693 0.         0.2       ]]
encoded_tweets before tweets shape: (2567, 100)
before tweets extra_features shape: (2567, 11)
before encoded_tweets: [[ 0.66349787  0.17079737  0.61114726 ...  0.55862169 -0.11548666
   0.67939512]
 [ 1.87705388  0.00927609  1.61895553 ...  0.39408276  0.51101537
   1.61683237]
 [ 0.28342611 -1.83428657 -0.09766063 ...  1.14916033 -0.83261054
  -0.78763517]
 ...
 [-0.76431794  1.28005736  0.23405804 ... -2.28774983  1.64687548
   0.12656148]
 [ 3.21673702  0.95043731  3.35388993 ... -1.46202309  2.78264871
   3.22568462]
 [ 1.87091409  1.02297798  2.03256282 ... -0.58177874  1.48871017
   1.87713615]]
final encoded_tweets shape: (2567, 111)
final encoded_tweets: [[ 0.66349787  0.17079737  0.61114726 ...  0.58792131  0.
   0.        ]
 [ 1.87705388  0.00927609  1.61895553 ...  0.50251639  0.
   0.        ]
 [ 0.28342611 -1.83428657 -0.09766063 ...  0.1078237   0.2
   0.        ]
 ...
 [-0.76431794  1.28005736  0.23405804 ...  0.84860963  0.2
   0.        ]
 [ 3.21673702  0.95043731  3.35388993 ...  0.29820548  0.
   0.        ]
 [ 1.87091409  1.02297798  2.03256282 ...  0.17853693  0.
   0.2       ]]
Final encoded_tweets, after feature selection, shape: (2567, 111)
features chosen shape: (285, 11)
features before normalization: [[ 4.      0.      0.     ... -0.7096  0.      0.    ]
 [ 0.      0.      0.     ...  0.3612  0.      0.    ]
 [ 0.      0.      0.     ... -0.7059  0.      0.    ]
 ...
 [ 0.      0.      0.     ... -0.7184  0.      0.    ]
 [ 0.      0.      0.     ... -0.5994  0.      1.    ]
 [ 5.      1.      0.     ...  0.2337  0.      0.    ]]
features after normalization: [[0.08695652 0.         0.         ... 0.14178232 0.         0.        ]
 [0.         0.         0.         ... 0.68613695 0.         0.        ]
 [0.         0.         0.         ... 0.14366326 0.         0.        ]
 ...
 [0.         0.         0.         ... 0.13730873 0.         0.        ]
 [0.         0.         0.         ... 0.19780387 0.         0.2       ]
 [0.10869565 0.1        0.         ... 0.62132073 0.         0.        ]]
encoded_tweets before tweets shape: (285, 100)
before tweets extra_features shape: (285, 11)
before encoded_tweets: [[ 0.90026761  0.5482398   0.89602077 ... -0.00390218  0.51913378
   0.77667109]
 [ 1.83756982  1.25930101  1.51212669 ...  1.428364    0.06634315
   0.57737626]
 [ 0.07864006  0.7825851   0.25888    ...  0.39987937 -0.46429443
   0.1674893 ]
 ...
 [-0.84851544  0.64043405 -0.7775363  ...  0.06247949 -0.82042776
  -0.61145435]
 [-0.62357015  1.20296546 -0.40603321 ... -0.57153016  0.50833151
   0.06347007]
 [ 0.88061772  0.24007879  0.77995003 ...  0.44648694  0.07248193
   0.57517305]]
final encoded_tweets shape: (285, 111)
final encoded_tweets: [[ 0.90026761  0.5482398   0.89602077 ...  0.14178232  0.
   0.        ]
 [ 1.83756982  1.25930101  1.51212669 ...  0.68613695  0.
   0.        ]
 [ 0.07864006  0.7825851   0.25888    ...  0.14366326  0.
   0.        ]
 ...
 [-0.84851544  0.64043405 -0.7775363  ...  0.13730873  0.
   0.        ]
 [-0.62357015  1.20296546 -0.40603321 ...  0.19780387  0.
   0.2       ]
 [ 0.88061772  0.24007879  0.77995003 ...  0.62132073  0.
   0.        ]]
Final encoded_tweets, after feature selection, shape: (285, 111)
Evaluating model...
Scores: [0.5554053741588927, 0.7789473533630371]
Classifier summary: None
ROC: 0.8548148148148149
Continued Avg: 0.8306257060985777
[[114  36]
 [ 27 108]]
Average Precision: 0.6842947753633768
Average Accuracy: 0.7384271868482395
Average Recall: 0.7469540174178173
Average F1-score: 0.7106678155510293
Average ROC:0.8306257060985777
