Fold #: 1
features chosen shape: (2880, 9)
features before normalization: [[0 0 0 ... 0 0 0]
 [1 0 3 ... 0 0 0]
 [0 0 0 ... 0 0 1]
 ...
 [0 0 0 ... 0 0 0]
 [0 0 0 ... 0 0 0]
 [2 0 0 ... 0 0 0]]
features after normalization: [[0.         0.         0.         ... 0.         0.         0.        ]
 [0.02173913 0.         0.00849858 ... 0.         0.         0.        ]
 [0.         0.         0.         ... 0.         0.         0.04761905]
 ...
 [0.         0.         0.         ... 0.         0.         0.        ]
 [0.         0.         0.         ... 0.         0.         0.        ]
 [0.04347826 0.         0.         ... 0.         0.         0.        ]]
encoded_tweets before tweets shape: (2880, 100)
before tweets extra_features shape: (2880, 9)
before encoded_tweets: [[-9.69175831e-04 -3.77240416e-04  7.29403412e-03 ... -8.81170016e-03
  -3.86129506e-03 -7.05898460e-03]
 [ 4.03655693e-03 -4.20571817e-03  1.24216790e-03 ... -5.22228796e-03
  -2.81655742e-03  3.46901291e-03]
 [-2.84711714e-03  4.84222110e-04  6.00116234e-03 ...  7.21182267e-04
  -6.71239744e-04  2.72324868e-03]
 ...
 [ 5.04367007e-03 -2.40829750e-03 -1.30347174e-03 ... -4.48587863e-03
  -1.05244573e-03 -4.82799252e-03]
 [-2.27922737e-03  3.85413342e-03 -5.76388484e-05 ... -6.62523694e-03
   8.24315473e-04 -7.67164107e-04]
 [ 4.34028124e-03  1.24210914e-04 -3.51884239e-03 ... -3.15302657e-03
  -1.09425094e-03  2.78714509e-03]]
final encoded_tweets shape: (2880, 109)
final encoded_tweets: [[-9.69175831e-04 -3.77240416e-04  7.29403412e-03 ...  0.00000000e+00
   0.00000000e+00  0.00000000e+00]
 [ 4.03655693e-03 -4.20571817e-03  1.24216790e-03 ...  0.00000000e+00
   0.00000000e+00  0.00000000e+00]
 [-2.84711714e-03  4.84222110e-04  6.00116234e-03 ...  0.00000000e+00
   0.00000000e+00  4.76190476e-02]
 ...
 [ 5.04367007e-03 -2.40829750e-03 -1.30347174e-03 ...  0.00000000e+00
   0.00000000e+00  0.00000000e+00]
 [-2.27922737e-03  3.85413342e-03 -5.76388484e-05 ...  0.00000000e+00
   0.00000000e+00  0.00000000e+00]
 [ 4.34028124e-03  1.24210914e-04 -3.51884239e-03 ...  0.00000000e+00
   0.00000000e+00  0.00000000e+00]]
Final encoded_tweets, after feature selection, shape: (2880, 109)
features chosen shape: (320, 9)
features before normalization: [[0 0 0 ... 0 0 0]
 [0 0 2 ... 0 0 0]
 [0 1 0 ... 0 0 0]
 ...
 [0 0 0 ... 0 0 1]
 [3 0 9 ... 1 0 0]
 [0 0 0 ... 1 0 4]]
features after normalization: [[0.         0.         0.         ... 0.         0.         0.        ]
 [0.         0.         0.00566572 ... 0.         0.         0.        ]
 [0.         0.1        0.         ... 0.         0.         0.        ]
 ...
 [0.         0.         0.         ... 0.         0.         0.04761905]
 [0.06521739 0.         0.02549575 ... 0.25       0.         0.        ]
 [0.         0.         0.         ... 0.25       0.         0.19047619]]
encoded_tweets before tweets shape: (320, 100)
before tweets extra_features shape: (320, 9)
before encoded_tweets: [[ 0.00317444  0.00354318 -0.0039641  ... -0.00071466  0.00089324
  -0.00016919]
 [ 0.01039347  0.00447267  0.01210612 ... -0.01056207  0.00320894
  -0.00191957]
 [ 0.00186017  0.0062953   0.0018966  ... -0.00682598 -0.00091202
   0.0004675 ]
 ...
 [-0.00153198  0.00443489  0.00035546 ... -0.00355348  0.00350226
   0.00269944]
 [ 0.00929611  0.00407475  0.00673515 ... -0.01438162 -0.00353113
  -0.00130537]
 [ 0.00812216  0.00286199  0.01129432 ... -0.01157089  0.00142006
  -0.00549599]]
final encoded_tweets shape: (320, 109)
final encoded_tweets: [[ 0.00317444  0.00354318 -0.0039641  ...  0.          0.
   0.        ]
 [ 0.01039347  0.00447267  0.01210612 ...  0.          0.
   0.        ]
 [ 0.00186017  0.0062953   0.0018966  ...  0.          0.
   0.        ]
 ...
 [-0.00153198  0.00443489  0.00035546 ...  0.          0.
   0.04761905]
 [ 0.00929611  0.00407475  0.00673515 ...  0.25        0.
   0.        ]
 [ 0.00812216  0.00286199  0.01129432 ...  0.25        0.
   0.19047619]]
Final encoded_tweets, after feature selection, shape: (320, 109)
Evaluating model...
ROC: 0.5772186923549908
Continued Avg: 0.5772186923549908
[[208  30]
 [ 59  23]]
Fold #: 2
features chosen shape: (2880, 9)
features before normalization: [[0 0 0 ... 0 0 0]
 [1 0 3 ... 0 0 0]
 [0 0 0 ... 0 0 1]
 ...
 [0 0 0 ... 0 0 0]
 [2 0 0 ... 0 0 0]
 [0 0 0 ... 1 0 4]]
features after normalization: [[0.         0.         0.         ... 0.         0.         0.        ]
 [0.02173913 0.         0.00849858 ... 0.         0.         0.        ]
 [0.         0.         0.         ... 0.         0.         0.04761905]
 ...
 [0.         0.         0.         ... 0.         0.         0.        ]
 [0.04347826 0.         0.         ... 0.         0.         0.        ]
 [0.         0.         0.         ... 0.25       0.         0.19047619]]
encoded_tweets before tweets shape: (2880, 100)
before tweets extra_features shape: (2880, 9)
before encoded_tweets: [[-0.00382324 -0.00330256  0.00388191 ... -0.00280927 -0.00372921
  -0.00408092]
 [ 0.00279742 -0.0051059   0.00056129 ... -0.00364145 -0.00286245
   0.00454942]
 [-0.00333445 -0.00055092  0.00496232 ...  0.00158744 -0.00084286
   0.00346295]
 ...
 [ 0.004756   -0.00317072 -0.00138751 ... -0.00433252 -0.00091493
  -0.00423022]
 [-0.00341763  0.00242919 -0.00150332 ... -0.00401982  0.00081529
   0.00022398]
 [ 0.00410118 -0.00114172 -0.00327112 ... -0.00419482 -0.00062689
   0.00332634]]
final encoded_tweets shape: (2880, 109)
final encoded_tweets: [[-0.00382324 -0.00330256  0.00388191 ...  0.          0.
   0.        ]
 [ 0.00279742 -0.0051059   0.00056129 ...  0.          0.
   0.        ]
 [-0.00333445 -0.00055092  0.00496232 ...  0.          0.
   0.04761905]
 ...
 [ 0.004756   -0.00317072 -0.00138751 ...  0.          0.
   0.        ]
 [-0.00341763  0.00242919 -0.00150332 ...  0.          0.
   0.        ]
 [ 0.00410118 -0.00114172 -0.00327112 ...  0.25        0.
   0.19047619]]
Final encoded_tweets, after feature selection, shape: (2880, 109)
features chosen shape: (320, 9)
features before normalization: [[1 2 2 ... 0 0 0]
 [0 2 0 ... 0 0 0]
 [0 0 0 ... 0 0 0]
 ...
 [1 0 0 ... 1 0 0]
 [6 0 0 ... 0 0 0]
 [1 0 3 ... 1 0 0]]
features after normalization: [[0.02173913 0.2        0.00566572 ... 0.         0.         0.        ]
 [0.         0.2        0.         ... 0.         0.         0.        ]
 [0.         0.         0.         ... 0.         0.         0.        ]
 ...
 [0.02173913 0.         0.         ... 0.25       0.         0.        ]
 [0.13043478 0.         0.         ... 0.         0.         0.        ]
 [0.02173913 0.         0.00849858 ... 0.25       0.         0.        ]]
encoded_tweets before tweets shape: (320, 100)
before tweets extra_features shape: (320, 9)
before encoded_tweets: [[ 6.43738545e-04 -4.82400600e-03  1.53189746e-03 ... -3.88174877e-03
   3.58091132e-03  5.75683033e-03]
 [-1.01573020e-03  2.71161291e-04  5.61383460e-03 ... -1.24231745e-02
   6.65410841e-03 -5.87246497e-04]
 [ 3.87723594e-05 -2.20663543e-03  4.50823363e-03 ...  8.35121318e-04
   3.31347017e-03 -1.69293641e-03]
 ...
 [ 4.39929776e-03 -2.91140308e-03 -1.17010693e-03 ... -2.08816165e-03
  -3.23340856e-03  1.50882907e-03]
 [-3.61331768e-04 -5.72806806e-04 -1.54585100e-03 ... -9.56870057e-03
   1.18479322e-04 -2.65137199e-03]
 [ 4.76527913e-03 -4.19063680e-03  1.33689714e-03 ... -4.66470054e-04
   2.43998412e-03 -1.03293241e-04]]
final encoded_tweets shape: (320, 109)
final encoded_tweets: [[ 6.43738545e-04 -4.82400600e-03  1.53189746e-03 ...  0.00000000e+00
   0.00000000e+00  0.00000000e+00]
 [-1.01573020e-03  2.71161291e-04  5.61383460e-03 ...  0.00000000e+00
   0.00000000e+00  0.00000000e+00]
 [ 3.87723594e-05 -2.20663543e-03  4.50823363e-03 ...  0.00000000e+00
   0.00000000e+00  0.00000000e+00]
 ...
 [ 4.39929776e-03 -2.91140308e-03 -1.17010693e-03 ...  2.50000000e-01
   0.00000000e+00  0.00000000e+00]
 [-3.61331768e-04 -5.72806806e-04 -1.54585100e-03 ...  0.00000000e+00
   0.00000000e+00  0.00000000e+00]
 [ 4.76527913e-03 -4.19063680e-03  1.33689714e-03 ...  2.50000000e-01
   0.00000000e+00  0.00000000e+00]]
Final encoded_tweets, after feature selection, shape: (320, 109)
Evaluating model...
ROC: 0.543684422921711
Continued Avg: 0.5604515576383509
[[192  44]
 [ 61  23]]
Fold #: 3
features chosen shape: (2880, 9)
features before normalization: [[0 0 0 ... 0 0 0]
 [0 0 0 ... 0 0 1]
 [0 0 0 ... 1 0 0]
 ...
 [0 0 0 ... 0 0 0]
 [2 0 0 ... 0 0 0]
 [0 0 0 ... 1 0 4]]
features after normalization: [[0.         0.         0.         ... 0.         0.         0.        ]
 [0.         0.         0.         ... 0.         0.         0.04761905]
 [0.         0.         0.         ... 0.25       0.         0.        ]
 ...
 [0.         0.         0.         ... 0.         0.         0.        ]
 [0.04347826 0.         0.         ... 0.         0.         0.        ]
 [0.         0.         0.         ... 0.25       0.         0.19047619]]
encoded_tweets before tweets shape: (2880, 100)
before tweets extra_features shape: (2880, 9)
before encoded_tweets: [[-0.00663748 -0.00072632  0.00531927 ... -0.00274886 -0.00136466
  -0.00147309]
 [ 0.00124609 -0.00392939  0.00155304 ... -0.00448758 -0.00155052
   0.00598066]
 [-0.00473848  0.00043134  0.00572116 ...  0.00174706  0.00022564
   0.00438791]
 ...
 [ 0.00331098 -0.00196357 -0.00096745 ... -0.0041008   0.0001423
  -0.00302406]
 [-0.00402202  0.00267142 -0.0011626  ... -0.00406072  0.00173922
   0.00095598]
 [ 0.00123108  0.00134932 -0.00182601 ... -0.00379033  0.00120638
   0.00591462]]
final encoded_tweets shape: (2880, 109)
final encoded_tweets: [[-0.00663748 -0.00072632  0.00531927 ...  0.          0.
   0.        ]
 [ 0.00124609 -0.00392939  0.00155304 ...  0.          0.
   0.04761905]
 [-0.00473848  0.00043134  0.00572116 ...  0.25        0.
   0.        ]
 ...
 [ 0.00331098 -0.00196357 -0.00096745 ...  0.          0.
   0.        ]
 [-0.00402202  0.00267142 -0.0011626  ...  0.          0.
   0.        ]
 [ 0.00123108  0.00134932 -0.00182601 ...  0.25        0.
   0.19047619]]
Final encoded_tweets, after feature selection, shape: (2880, 109)
features chosen shape: (320, 9)
features before normalization: [[1 0 3 ... 0 0 0]
 [0 0 0 ... 0 0 0]
 [1 0 0 ... 0 0 0]
 ...
 [0 0 0 ... 0 0 1]
 [1 0 0 ... 0 0 3]
 [0 0 0 ... 0 0 0]]
features after normalization: [[0.02173913 0.         0.00849858 ... 0.         0.         0.        ]
 [0.         0.         0.         ... 0.         0.         0.        ]
 [0.02173913 0.         0.         ... 0.         0.         0.        ]
 ...
 [0.         0.         0.         ... 0.         0.         0.04761905]
 [0.02173913 0.         0.         ... 0.         0.         0.14285714]
 [0.         0.         0.         ... 0.         0.         0.        ]]
encoded_tweets before tweets shape: (320, 100)
before tweets extra_features shape: (320, 9)
before encoded_tweets: [[-0.00243467  0.00221635  0.00218802 ... -0.00686912  0.00296298
   0.00463636]
 [-0.00666099  0.00159796  0.00256628 ... -0.00579627  0.00691947
   0.00173564]
 [-0.00124849  0.00188009  0.00019473 ...  0.00053607  0.00377663
   0.00878899]
 ...
 [-0.00459423  0.00274387  0.00196772 ... -0.00169824  0.00054112
   0.00641101]
 [-0.01155872  0.0001686   0.00706098 ... -0.00269778  0.01174815
   0.00717145]
 [-0.0012732   0.00803625  0.00116442 ...  0.0002142   0.00299735
   0.00319643]]
final encoded_tweets shape: (320, 109)
final encoded_tweets: [[-0.00243467  0.00221635  0.00218802 ...  0.          0.
   0.        ]
 [-0.00666099  0.00159796  0.00256628 ...  0.          0.
   0.        ]
 [-0.00124849  0.00188009  0.00019473 ...  0.          0.
   0.        ]
 ...
 [-0.00459423  0.00274387  0.00196772 ...  0.          0.
   0.04761905]
 [-0.01155872  0.0001686   0.00706098 ...  0.          0.
   0.14285714]
 [-0.0012732   0.00803625  0.00116442 ...  0.          0.
   0.        ]]
Final encoded_tweets, after feature selection, shape: (320, 109)
Evaluating model...
ROC: 0.5442688155379927
Continued Avg: 0.5550573102715648
[[210  29]
 [ 64  17]]
Fold #: 4
features chosen shape: (2880, 9)
features before normalization: [[0 0 0 ... 0 0 0]
 [1 0 3 ... 0 0 0]
 [0 0 0 ... 1 0 0]
 ...
 [0 0 0 ... 0 0 0]
 [0 0 0 ... 0 0 0]
 [0 0 0 ... 1 0 4]]
features after normalization: [[0.         0.         0.         ... 0.         0.         0.        ]
 [0.02173913 0.         0.00849858 ... 0.         0.         0.        ]
 [0.         0.         0.         ... 0.25       0.         0.        ]
 ...
 [0.         0.         0.         ... 0.         0.         0.        ]
 [0.         0.         0.         ... 0.         0.         0.        ]
 [0.         0.         0.         ... 0.25       0.         0.19047619]]
encoded_tweets before tweets shape: (2880, 100)
before tweets extra_features shape: (2880, 9)
before encoded_tweets: [[-0.00321111 -0.003879    0.00192194 ... -0.00253547 -0.00454315
  -0.00317381]
 [ 0.00339698 -0.005164   -0.00014204 ... -0.00395801 -0.00328348
   0.00455565]
 [-0.00288728 -0.0008198   0.00429521 ...  0.00151856 -0.00080521
   0.00423022]
 ...
 [ 0.0044812  -0.00265407 -0.00205737 ... -0.00332195 -0.00123469
  -0.00427834]
 [-0.00296505  0.00216911 -0.00217849 ... -0.00434984  0.00055441
   0.00093736]
 [ 0.00485133 -0.00143556 -0.00500519 ... -0.00315946 -0.00134701
   0.00430554]]
final encoded_tweets shape: (2880, 109)
final encoded_tweets: [[-3.21110804e-03 -3.87900276e-03  1.92193757e-03 ...  0.00000000e+00
   0.00000000e+00  0.00000000e+00]
 [ 3.39697581e-03 -5.16399508e-03 -1.42043893e-04 ...  0.00000000e+00
   0.00000000e+00  0.00000000e+00]
 [-2.88727763e-03 -8.19803565e-04  4.29520989e-03 ...  2.50000000e-01
   0.00000000e+00  0.00000000e+00]
 ...
 [ 4.48120479e-03 -2.65407376e-03 -2.05736887e-03 ...  0.00000000e+00
   0.00000000e+00  0.00000000e+00]
 [-2.96504959e-03  2.16911477e-03 -2.17848946e-03 ...  0.00000000e+00
   0.00000000e+00  0.00000000e+00]
 [ 4.85133054e-03 -1.43556320e-03 -5.00519155e-03 ...  2.50000000e-01
   0.00000000e+00  1.90476190e-01]]
Final encoded_tweets, after feature selection, shape: (2880, 109)
features chosen shape: (320, 9)
features before normalization: [[0 0 0 ... 0 0 1]
 [0 0 0 ... 0 0 0]
 [0 0 0 ... 0 0 0]
 ...
 [1 0 0 ... 0 0 0]
 [1 1 0 ... 0 0 0]
 [2 0 0 ... 0 0 0]]
features after normalization: [[0.         0.         0.         ... 0.         0.         0.04761905]
 [0.         0.         0.         ... 0.         0.         0.        ]
 [0.         0.         0.         ... 0.         0.         0.        ]
 ...
 [0.02173913 0.         0.         ... 0.         0.         0.        ]
 [0.02173913 0.1        0.         ... 0.         0.         0.        ]
 [0.04347826 0.         0.         ... 0.         0.         0.        ]]
encoded_tweets before tweets shape: (320, 100)
before tweets extra_features shape: (320, 9)
before encoded_tweets: [[-2.20709690e-03 -1.32147374e-03  2.10459600e-03 ... -7.44872633e-03
  -1.51383202e-03  6.29557250e-03]
 [-1.19223970e-03  1.09744910e-03  1.76643766e-03 ...  5.67078940e-04
   3.82123049e-03  5.87740075e-03]
 [ 6.71366230e-03 -7.23274006e-03 -5.88179892e-03 ... -4.63452190e-03
   1.60674870e-04  3.71491699e-03]
 ...
 [-3.77892975e-05 -3.28384433e-03 -2.03870796e-03 ... -1.01554219e-03
  -4.95630875e-03  7.50446599e-03]
 [ 5.73623041e-03 -6.46010274e-03 -4.43519047e-03 ... -3.39191826e-03
   4.72609187e-03  7.52255647e-03]
 [ 6.30984874e-03  2.67366064e-03 -4.45642276e-03 ...  5.41893649e-04
  -5.34178270e-03  6.76991604e-03]]
final encoded_tweets shape: (320, 109)
final encoded_tweets: [[-2.20709690e-03 -1.32147374e-03  2.10459600e-03 ...  0.00000000e+00
   0.00000000e+00  4.76190476e-02]
 [-1.19223970e-03  1.09744910e-03  1.76643766e-03 ...  0.00000000e+00
   0.00000000e+00  0.00000000e+00]
 [ 6.71366230e-03 -7.23274006e-03 -5.88179892e-03 ...  0.00000000e+00
   0.00000000e+00  0.00000000e+00]
 ...
 [-3.77892975e-05 -3.28384433e-03 -2.03870796e-03 ...  0.00000000e+00
   0.00000000e+00  0.00000000e+00]
 [ 5.73623041e-03 -6.46010274e-03 -4.43519047e-03 ...  0.00000000e+00
   0.00000000e+00  0.00000000e+00]
 [ 6.30984874e-03  2.67366064e-03 -4.45642276e-03 ...  0.00000000e+00
   0.00000000e+00  0.00000000e+00]]
Final encoded_tweets, after feature selection, shape: (320, 109)
Evaluating model...
ROC: 0.5065370248297077
Continued Avg: 0.5429272389111005
[[206  40]
 [ 61  13]]
Fold #: 5
features chosen shape: (2880, 9)
features before normalization: [[0 0 0 ... 0 0 0]
 [1 0 3 ... 0 0 0]
 [0 0 0 ... 0 0 1]
 ...
 [0 0 0 ... 0 0 0]
 [2 0 0 ... 0 0 0]
 [0 0 0 ... 1 0 4]]
features after normalization: [[0.         0.         0.         ... 0.         0.         0.        ]
 [0.03703704 0.         0.00849858 ... 0.         0.         0.        ]
 [0.         0.         0.         ... 0.         0.         0.04761905]
 ...
 [0.         0.         0.         ... 0.         0.         0.        ]
 [0.07407407 0.         0.         ... 0.         0.         0.        ]
 [0.         0.         0.         ... 0.25       0.         0.19047619]]
encoded_tweets before tweets shape: (2880, 100)
before tweets extra_features shape: (2880, 9)
before encoded_tweets: [[-0.00550478  0.000101    0.00294354 ... -0.00389889 -0.00343156
  -0.00334682]
 [ 0.00223221 -0.00368517  0.00019495 ... -0.0050455  -0.00277476
   0.00484598]
 [-0.00402364  0.00117235  0.00488979 ...  0.0006711  -0.00030983
   0.00418613]
 ...
 [ 0.00419167 -0.00150478 -0.00189983 ... -0.00480505 -0.00073433
  -0.0037141 ]
 [-0.00369236  0.00385891 -0.00174789 ... -0.00443462  0.00070977
   0.00048223]
 [ 0.00298412  0.00322722 -0.0036941  ... -0.00578635 -0.00058158
   0.00519033]]
final encoded_tweets shape: (2880, 109)
final encoded_tweets: [[-5.50478371e-03  1.00997750e-04  2.94353999e-03 ...  0.00000000e+00
   0.00000000e+00  0.00000000e+00]
 [ 2.23221281e-03 -3.68517055e-03  1.94948021e-04 ...  0.00000000e+00
   0.00000000e+00  0.00000000e+00]
 [-4.02364274e-03  1.17234723e-03  4.88979230e-03 ...  0.00000000e+00
   0.00000000e+00  4.76190476e-02]
 ...
 [ 4.19167336e-03 -1.50477735e-03 -1.89982785e-03 ...  0.00000000e+00
   0.00000000e+00  0.00000000e+00]
 [-3.69235780e-03  3.85890901e-03 -1.74788863e-03 ...  0.00000000e+00
   0.00000000e+00  0.00000000e+00]
 [ 2.98412261e-03  3.22722318e-03 -3.69409728e-03 ...  2.50000000e-01
   0.00000000e+00  1.90476190e-01]]
Final encoded_tweets, after feature selection, shape: (2880, 109)
features chosen shape: (320, 9)
features before normalization: [[1 0 4 ... 1 0 0]
 [0 0 0 ... 0 0 0]
 [3 0 3 ... 1 0 0]
 ...
 [0 1 0 ... 0 0 0]
 [1 0 0 ... 0 0 0]
 [1 0 4 ... 0 0 0]]
features after normalization: [[0.03703704 0.         0.01133144 ... 0.25       0.         0.        ]
 [0.         0.         0.         ... 0.         0.         0.        ]
 [0.11111111 0.         0.00849858 ... 0.25       0.         0.        ]
 ...
 [0.         0.1        0.         ... 0.         0.         0.        ]
 [0.03703704 0.         0.         ... 0.         0.         0.        ]
 [0.03703704 0.         0.01133144 ... 0.         0.         0.        ]]
encoded_tweets before tweets shape: (320, 100)
before tweets extra_features shape: (320, 9)
before encoded_tweets: [[ 1.82585942e-03  6.21460611e-03  2.43925140e-03 ... -3.87937552e-03
  -3.72931850e-03  2.74566282e-03]
 [-5.54372498e-04  4.71627433e-03 -4.04732348e-03 ... -8.93728249e-03
  -2.51754653e-03 -5.81735139e-06]
 [-1.74923625e-03  9.28925816e-03 -5.93668839e-04 ... -6.54235389e-03
  -1.45734835e-03  5.17068140e-04]
 ...
 [-8.02924298e-03  1.26086567e-02 -4.59117536e-03 ... -2.39376649e-02
   2.96993623e-03  8.54904577e-03]
 [-3.34590627e-03  4.66296589e-03 -3.58916819e-03 ... -9.50673968e-03
   3.16793309e-03  1.99337909e-03]
 [ 2.13786610e-03  2.49585556e-03 -7.84517761e-05 ... -3.20760137e-03
   3.51585797e-03  4.61269962e-03]]
final encoded_tweets shape: (320, 109)
final encoded_tweets: [[ 1.82585942e-03  6.21460611e-03  2.43925140e-03 ...  2.50000000e-01
   0.00000000e+00  0.00000000e+00]
 [-5.54372498e-04  4.71627433e-03 -4.04732348e-03 ...  0.00000000e+00
   0.00000000e+00  0.00000000e+00]
 [-1.74923625e-03  9.28925816e-03 -5.93668839e-04 ...  2.50000000e-01
   0.00000000e+00  0.00000000e+00]
 ...
 [-8.02924298e-03  1.26086567e-02 -4.59117536e-03 ...  0.00000000e+00
   0.00000000e+00  0.00000000e+00]
 [-3.34590627e-03  4.66296589e-03 -3.58916819e-03 ...  0.00000000e+00
   0.00000000e+00  0.00000000e+00]
 [ 2.13786610e-03  2.49585556e-03 -7.84517761e-05 ...  0.00000000e+00
   0.00000000e+00  0.00000000e+00]]
Final encoded_tweets, after feature selection, shape: (320, 109)
Evaluating model...
ROC: 0.547113819003099
Continued Avg: 0.5437645549295003
[[221  20]
 [ 65  14]]
Fold #: 6
features chosen shape: (2880, 9)
features before normalization: [[0 0 0 ... 0 0 0]
 [1 0 3 ... 0 0 0]
 [0 0 0 ... 0 0 1]
 ...
 [0 0 0 ... 0 0 0]
 [2 0 0 ... 0 0 0]
 [0 0 0 ... 1 0 4]]
features after normalization: [[0.         0.         0.         ... 0.         0.         0.        ]
 [0.02173913 0.         0.00849858 ... 0.         0.         0.        ]
 [0.         0.         0.         ... 0.         0.         0.04761905]
 ...
 [0.         0.         0.         ... 0.         0.         0.        ]
 [0.04347826 0.         0.         ... 0.         0.         0.        ]
 [0.         0.         0.         ... 0.25       0.         0.19047619]]
encoded_tweets before tweets shape: (2880, 100)
before tweets extra_features shape: (2880, 9)
before encoded_tweets: [[-0.00424765  0.00046985  0.00150887 ... -0.00160809 -0.00529368
  -0.00527985]
 [ 0.00293555 -0.00327643 -0.00069227 ... -0.00368129 -0.0034714
   0.00363361]
 [-0.00367219  0.0021979   0.00377936 ...  0.00181488 -0.00166434
   0.00255233]
 ...
 [ 0.00454542 -0.00079041 -0.00294507 ... -0.00394879 -0.00195291
  -0.00493377]
 [-0.00329863  0.00435911 -0.00222226 ... -0.00425019  0.00042407
   0.0001401 ]
 [ 0.00380713  0.00216817 -0.00501485 ... -0.00322024 -0.00166672
   0.00229808]]
final encoded_tweets shape: (2880, 109)
final encoded_tweets: [[-0.00424765  0.00046985  0.00150887 ...  0.          0.
   0.        ]
 [ 0.00293555 -0.00327643 -0.00069227 ...  0.          0.
   0.        ]
 [-0.00367219  0.0021979   0.00377936 ...  0.          0.
   0.04761905]
 ...
 [ 0.00454542 -0.00079041 -0.00294507 ...  0.          0.
   0.        ]
 [-0.00329863  0.00435911 -0.00222226 ...  0.          0.
   0.        ]
 [ 0.00380713  0.00216817 -0.00501485 ...  0.25        0.
   0.19047619]]
Final encoded_tweets, after feature selection, shape: (2880, 109)
features chosen shape: (320, 9)
features before normalization: [[0 1 0 ... 0 0 0]
 [1 0 0 ... 0 0 0]
 [0 0 0 ... 0 0 0]
 ...
 [0 0 0 ... 0 0 0]
 [1 0 0 ... 0 0 0]
 [1 0 0 ... 1 0 0]]
features after normalization: [[0.         0.1        0.         ... 0.         0.         0.        ]
 [0.02173913 0.         0.         ... 0.         0.         0.        ]
 [0.         0.         0.         ... 0.         0.         0.        ]
 ...
 [0.         0.         0.         ... 0.         0.         0.        ]
 [0.02173913 0.         0.         ... 0.         0.         0.        ]
 [0.02173913 0.         0.         ... 0.25       0.         0.        ]]
encoded_tweets before tweets shape: (320, 100)
before tweets extra_features shape: (320, 9)
before encoded_tweets: [[ 2.10662954e-03  9.06864181e-03 -7.77180400e-03 ...  6.45241234e-04
  -2.87051604e-04 -6.72735041e-03]
 [ 1.66670443e-03  7.61113409e-03  3.63167754e-04 ... -4.17917734e-03
  -3.56912357e-03 -5.80058293e-03]
 [-3.59183690e-03  1.21031366e-02 -6.93889987e-03 ... -7.07004976e-04
  -1.75895286e-03  2.28235964e-03]
 ...
 [-2.20624474e-03  2.03625113e-03  1.21036544e-03 ... -2.81683286e-03
  -1.58742839e-03 -2.14090454e-03]
 [ 3.94267030e-03  1.52905378e-02 -9.86398570e-03 ... -7.08859414e-03
  -4.53231717e-03 -7.12598767e-03]
 [ 7.50879335e-05  1.04939146e-02 -4.83661518e-03 ... -5.44221280e-03
  -7.60893384e-03 -5.90026239e-03]]
final encoded_tweets shape: (320, 109)
final encoded_tweets: [[ 2.10662954e-03  9.06864181e-03 -7.77180400e-03 ...  0.00000000e+00
   0.00000000e+00  0.00000000e+00]
 [ 1.66670443e-03  7.61113409e-03  3.63167754e-04 ...  0.00000000e+00
   0.00000000e+00  0.00000000e+00]
 [-3.59183690e-03  1.21031366e-02 -6.93889987e-03 ...  0.00000000e+00
   0.00000000e+00  0.00000000e+00]
 ...
 [-2.20624474e-03  2.03625113e-03  1.21036544e-03 ...  0.00000000e+00
   0.00000000e+00  0.00000000e+00]
 [ 3.94267030e-03  1.52905378e-02 -9.86398570e-03 ...  0.00000000e+00
   0.00000000e+00  0.00000000e+00]
 [ 7.50879335e-05  1.04939146e-02 -4.83661518e-03 ...  2.50000000e-01
   0.00000000e+00  0.00000000e+00]]
Final encoded_tweets, after feature selection, shape: (320, 109)
Evaluating model...
ROC: 0.5270337922403004
Continued Avg: 0.5409760944813002
[[209  26]
 [ 71  14]]
Fold #: 7
features chosen shape: (2880, 9)
features before normalization: [[1 0 3 ... 0 0 0]
 [0 0 0 ... 0 0 1]
 [0 0 0 ... 1 0 0]
 ...
 [0 0 0 ... 0 0 0]
 [2 0 0 ... 0 0 0]
 [0 0 0 ... 1 0 4]]
features after normalization: [[0.02173913 0.         0.00849858 ... 0.         0.         0.        ]
 [0.         0.         0.         ... 0.         0.         0.04761905]
 [0.         0.         0.         ... 0.25       0.         0.        ]
 ...
 [0.         0.         0.         ... 0.         0.         0.        ]
 [0.04347826 0.         0.         ... 0.         0.         0.        ]
 [0.         0.         0.         ... 0.25       0.         0.19047619]]
encoded_tweets before tweets shape: (2880, 100)
before tweets extra_features shape: (2880, 9)
before encoded_tweets: [[-0.00353309 -0.00111608  0.00214409 ... -0.00057728 -0.00401682
  -0.00412651]
 [ 0.00356117 -0.00293856 -0.00029496 ... -0.00272365 -0.00281759
   0.00442013]
 [-0.00273411  0.00226205  0.00402538 ...  0.00282001 -0.00056521
   0.00382575]
 ...
 [ 0.00524198 -0.00067879 -0.0027198  ... -0.00280595 -0.0007873
  -0.00398783]
 [-0.00348378  0.0033772  -0.00164175 ... -0.00373856  0.00088784
   0.0002413 ]
 [ 0.00469176  0.00257415 -0.00510755 ... -0.00141267 -0.00067509
   0.00404087]]
final encoded_tweets shape: (2880, 109)
final encoded_tweets: [[-0.00353309 -0.00111608  0.00214409 ...  0.          0.
   0.        ]
 [ 0.00356117 -0.00293856 -0.00029496 ...  0.          0.
   0.04761905]
 [-0.00273411  0.00226205  0.00402538 ...  0.25        0.
   0.        ]
 ...
 [ 0.00524198 -0.00067879 -0.0027198  ...  0.          0.
   0.        ]
 [-0.00348378  0.0033772  -0.00164175 ...  0.          0.
   0.        ]
 [ 0.00469176  0.00257415 -0.00510755 ...  0.25        0.
   0.19047619]]
Final encoded_tweets, after feature selection, shape: (2880, 109)
features chosen shape: (320, 9)
features before normalization: [[0 0 0 ... 0 0 0]
 [0 0 0 ... 0 0 2]
 [3 0 0 ... 0 0 0]
 ...
 [1 0 0 ... 0 0 0]
 [0 0 0 ... 0 0 0]
 [0 0 0 ... 0 0 0]]
features after normalization: [[0.         0.         0.         ... 0.         0.         0.        ]
 [0.         0.         0.         ... 0.         0.         0.0952381 ]
 [0.06521739 0.         0.         ... 0.         0.         0.        ]
 ...
 [0.02173913 0.         0.         ... 0.         0.         0.        ]
 [0.         0.         0.         ... 0.         0.         0.        ]
 [0.         0.         0.         ... 0.         0.         0.        ]]
encoded_tweets before tweets shape: (320, 100)
before tweets extra_features shape: (320, 9)
before encoded_tweets: [[ 2.56138388e-03  1.12172822e-02 -4.13602451e-03 ...  1.79071294e-03
  -3.24784196e-03  5.76032139e-03]
 [-3.29296687e-03  5.03604906e-03 -1.22353225e-03 ... -9.46089160e-04
  -3.80363245e-03  2.90844310e-03]
 [ 9.33639589e-04  1.31122693e-02 -3.71239264e-03 ... -9.21563405e-05
   2.68345932e-03  3.66948475e-03]
 ...
 [ 4.08996781e-03  6.48768945e-03 -6.22644229e-03 ... -8.90835887e-04
   4.60288953e-03 -2.00606999e-03]
 [-3.31506412e-03 -1.07139256e-03 -1.35658949e-03 ...  4.65244614e-03
  -4.08231840e-03  3.03394190e-04]
 [-1.31085096e-03  5.48613258e-03 -5.73186483e-03 ...  4.14846418e-03
   7.07383151e-04  4.07808414e-03]]
final encoded_tweets shape: (320, 109)
final encoded_tweets: [[ 0.00256138  0.01121728 -0.00413602 ...  0.          0.
   0.        ]
 [-0.00329297  0.00503605 -0.00122353 ...  0.          0.
   0.0952381 ]
 [ 0.00093364  0.01311227 -0.00371239 ...  0.          0.
   0.        ]
 ...
 [ 0.00408997  0.00648769 -0.00622644 ...  0.          0.
   0.        ]
 [-0.00331506 -0.00107139 -0.00135659 ...  0.          0.
   0.        ]
 [-0.00131085  0.00548613 -0.00573186 ...  0.          0.
   0.        ]]
Final encoded_tweets, after feature selection, shape: (320, 109)
Evaluating model...
ROC: 0.5625028893717351
Continued Avg: 0.5440513508942195
[[198  25]
 [ 74  23]]
Fold #: 8
features chosen shape: (2880, 9)
features before normalization: [[0 0 0 ... 0 0 0]
 [1 0 3 ... 0 0 0]
 [0 0 0 ... 0 0 1]
 ...
 [1 1 0 ... 0 0 0]
 [2 0 0 ... 0 0 0]
 [0 0 0 ... 1 0 4]]
features after normalization: [[0.         0.         0.         ... 0.         0.         0.        ]
 [0.02173913 0.         0.00849858 ... 0.         0.         0.        ]
 [0.         0.         0.         ... 0.         0.         0.07692308]
 ...
 [0.02173913 0.1        0.         ... 0.         0.         0.        ]
 [0.04347826 0.         0.         ... 0.         0.         0.        ]
 [0.         0.         0.         ... 0.25       0.         0.30769231]]
encoded_tweets before tweets shape: (2880, 100)
before tweets extra_features shape: (2880, 9)
before encoded_tweets: [[-0.00251834 -0.00244041  0.00385082 ... -0.0022919  -0.00462883
  -0.00551899]
 [ 0.00373631 -0.00460315  0.00041516 ... -0.00389408 -0.00307315
   0.00353251]
 [-0.00252528 -0.00011315  0.00542491 ...  0.00112533 -0.00107033
   0.0029433 ]
 ...
 [ 0.0063862  -0.00250764 -0.00120626 ... -0.00453169 -0.00144274
  -0.00523057]
 [-0.00317065  0.00260954 -0.00133911 ... -0.00388626  0.00079695
   0.0002976 ]
 [ 0.00571129  0.00012708 -0.00287253 ... -0.00366106 -0.00190543
   0.00265982]]
final encoded_tweets shape: (2880, 109)
final encoded_tweets: [[-2.51834048e-03 -2.44040508e-03  3.85082304e-03 ...  0.00000000e+00
   0.00000000e+00  0.00000000e+00]
 [ 3.73631297e-03 -4.60315077e-03  4.15160117e-04 ...  0.00000000e+00
   0.00000000e+00  0.00000000e+00]
 [-2.52528349e-03 -1.13147908e-04  5.42490883e-03 ...  0.00000000e+00
   0.00000000e+00  7.69230769e-02]
 ...
 [ 6.38620183e-03 -2.50763795e-03 -1.20625529e-03 ...  0.00000000e+00
   0.00000000e+00  0.00000000e+00]
 [-3.17064836e-03  2.60953628e-03 -1.33910601e-03 ...  0.00000000e+00
   0.00000000e+00  0.00000000e+00]
 [ 5.71128540e-03  1.27080275e-04 -2.87252944e-03 ...  2.50000000e-01
   0.00000000e+00  3.07692308e-01]]
Final encoded_tweets, after feature selection, shape: (2880, 109)
features chosen shape: (320, 9)
features before normalization: [[0 0 0 ... 0 0 0]
 [0 1 0 ... 0 0 1]
 [3 0 0 ... 1 0 0]
 ...
 [0 0 3 ... 0 0 0]
 [0 0 0 ... 0 0 0]
 [0 0 0 ... 0 0 0]]
features after normalization: [[0.         0.         0.         ... 0.         0.         0.        ]
 [0.         0.1        0.         ... 0.         0.         0.07692308]
 [0.06521739 0.         0.         ... 0.25       0.         0.        ]
 ...
 [0.         0.         0.00849858 ... 0.         0.         0.        ]
 [0.         0.         0.         ... 0.         0.         0.        ]
 [0.         0.         0.         ... 0.         0.         0.        ]]
encoded_tweets before tweets shape: (320, 100)
before tweets extra_features shape: (320, 9)
before encoded_tweets: [[ 7.34826270e-03  4.59465245e-03  6.23395154e-03 ... -4.81593376e-03
   3.76529570e-05 -7.59917963e-03]
 [ 7.56545877e-03 -2.55292677e-03  7.00085005e-03 ... -2.29479489e-03
  -1.77536785e-04 -1.71422597e-03]
 [ 5.05064242e-03  2.49492028e-03 -1.87589705e-03 ... -5.09802159e-03
   2.92938086e-03 -3.44204460e-03]
 ...
 [ 6.70210179e-03  2.98824767e-03  1.42202480e-03 ... -5.96317742e-03
   2.22466630e-03 -3.22291791e-03]
 [-1.14471198e-03 -2.78332736e-03 -3.13885929e-03 ... -6.44061947e-03
  -3.02829372e-04  1.14374445e-03]
 [ 3.49261472e-03 -1.18297234e-03 -4.17164341e-03 ... -1.96875422e-03
  -4.35964111e-03 -3.65659525e-03]]
final encoded_tweets shape: (320, 109)
final encoded_tweets: [[ 0.00734826  0.00459465  0.00623395 ...  0.          0.
   0.        ]
 [ 0.00756546 -0.00255293  0.00700085 ...  0.          0.
   0.07692308]
 [ 0.00505064  0.00249492 -0.0018759  ...  0.25        0.
   0.        ]
 ...
 [ 0.0067021   0.00298825  0.00142202 ...  0.          0.
   0.        ]
 [-0.00114471 -0.00278333 -0.00313886 ...  0.          0.
   0.        ]
 [ 0.00349261 -0.00118297 -0.00417164 ...  0.          0.
   0.        ]]
Final encoded_tweets, after feature selection, shape: (320, 109)
Evaluating model...
ROC: 0.5662662090007627
Continued Avg: 0.5468282081575374
[[169  59]
 [ 56  36]]
Fold #: 9
features chosen shape: (2880, 9)
features before normalization: [[0 0 0 ... 0 0 0]
 [1 0 3 ... 0 0 0]
 [0 0 0 ... 0 0 1]
 ...
 [0 0 0 ... 0 0 0]
 [2 0 0 ... 0 0 0]
 [0 0 0 ... 1 0 4]]
features after normalization: [[0.         0.         0.         ... 0.         0.         0.        ]
 [0.02173913 0.         0.00849858 ... 0.         0.         0.        ]
 [0.         0.         0.         ... 0.         0.         0.04761905]
 ...
 [0.         0.         0.         ... 0.         0.         0.        ]
 [0.04347826 0.         0.         ... 0.         0.         0.        ]
 [0.         0.         0.         ... 0.25       0.         0.19047619]]
encoded_tweets before tweets shape: (2880, 100)
before tweets extra_features shape: (2880, 9)
before encoded_tweets: [[-2.36491836e-03 -5.09759458e-03  2.01869523e-03 ... -3.54708033e-03
  -3.68936243e-03 -2.51055835e-03]
 [ 3.47437337e-03 -5.66549879e-03 -6.90048546e-05 ... -3.99640901e-03
  -2.82163033e-03  5.19238506e-03]
 [-2.98460457e-03 -8.64466652e-04  4.50518681e-03 ...  1.57220673e-03
  -6.13990996e-04  4.04127175e-03]
 ...
 [ 5.44283260e-03 -3.92648624e-03 -2.40796548e-03 ... -4.73574782e-03
  -8.98760045e-04 -3.43194371e-03]
 [-3.42977559e-03  2.80364044e-03 -1.78548356e-03 ... -4.22430038e-03
   5.65975613e-04  6.55612559e-04]
 [ 5.18603157e-03 -2.01190286e-03 -4.82740579e-03 ... -4.16554930e-03
  -9.89754219e-04  5.39381662e-03]]
final encoded_tweets shape: (2880, 109)
final encoded_tweets: [[-2.36491836e-03 -5.09759458e-03  2.01869523e-03 ...  0.00000000e+00
   0.00000000e+00  0.00000000e+00]
 [ 3.47437337e-03 -5.66549879e-03 -6.90048546e-05 ...  0.00000000e+00
   0.00000000e+00  0.00000000e+00]
 [-2.98460457e-03 -8.64466652e-04  4.50518681e-03 ...  0.00000000e+00
   0.00000000e+00  4.76190476e-02]
 ...
 [ 5.44283260e-03 -3.92648624e-03 -2.40796548e-03 ...  0.00000000e+00
   0.00000000e+00  0.00000000e+00]
 [-3.42977559e-03  2.80364044e-03 -1.78548356e-03 ...  0.00000000e+00
   0.00000000e+00  0.00000000e+00]
 [ 5.18603157e-03 -2.01190286e-03 -4.82740579e-03 ...  2.50000000e-01
   0.00000000e+00  1.90476190e-01]]
Final encoded_tweets, after feature selection, shape: (2880, 109)
features chosen shape: (320, 9)
features before normalization: [[0 0 0 ... 1 0 0]
 [0 1 2 ... 0 0 2]
 [0 0 0 ... 0 0 0]
 ...
 [2 0 9 ... 0 0 0]
 [1 0 0 ... 1 0 0]
 [0 0 0 ... 0 0 0]]
features after normalization: [[0.         0.         0.         ... 0.25       0.         0.        ]
 [0.         0.1        0.00566572 ... 0.         0.         0.0952381 ]
 [0.         0.         0.         ... 0.         0.         0.        ]
 ...
 [0.04347826 0.         0.02549575 ... 0.         0.         0.        ]
 [0.02173913 0.         0.         ... 0.25       0.         0.        ]
 [0.         0.         0.         ... 0.         0.         0.        ]]
encoded_tweets before tweets shape: (320, 100)
before tweets extra_features shape: (320, 9)
before encoded_tweets: [[ 0.00108485 -0.00340937 -0.00401436 ... -0.00679751 -0.00225657
   0.00596853]
 [ 0.00349462 -0.00847597 -0.00650507 ... -0.00873347 -0.00213329
   0.00650011]
 [ 0.00505047  0.00206042 -0.00314987 ...  0.00208666  0.00161188
   0.00641632]
 ...
 [-0.00090458 -0.00561308  0.0027717  ... -0.0019638  -0.00097158
   0.00150231]
 [ 0.0064203  -0.00150877  0.00148413 ...  0.00201001  0.00159255
   0.00751698]
 [ 0.0146449  -0.01650109 -0.00631363 ... -0.01595003  0.00455319
   0.01251394]]
final encoded_tweets shape: (320, 109)
final encoded_tweets: [[ 0.00108485 -0.00340937 -0.00401436 ...  0.25        0.
   0.        ]
 [ 0.00349462 -0.00847597 -0.00650507 ...  0.          0.
   0.0952381 ]
 [ 0.00505047  0.00206042 -0.00314987 ...  0.          0.
   0.        ]
 ...
 [-0.00090458 -0.00561308  0.0027717  ...  0.          0.
   0.        ]
 [ 0.0064203  -0.00150877  0.00148413 ...  0.25        0.
   0.        ]
 [ 0.0146449  -0.01650109 -0.00631363 ...  0.          0.
   0.        ]]
Final encoded_tweets, after feature selection, shape: (320, 109)
Evaluating model...
ROC: 0.5589371980676328
Continued Avg: 0.5481736514808814
[[183  47]
 [ 61  29]]
Fold #: 10
features chosen shape: (2880, 9)
features before normalization: [[0 0 0 ... 0 0 0]
 [1 0 3 ... 0 0 0]
 [0 0 0 ... 0 0 1]
 ...
 [0 0 0 ... 0 0 0]
 [2 0 0 ... 0 0 0]
 [0 0 0 ... 1 0 4]]
features after normalization: [[0.         0.         0.         ... 0.         0.         0.        ]
 [0.02173913 0.         0.00928793 ... 0.         0.         0.        ]
 [0.         0.         0.         ... 0.         0.         0.04761905]
 ...
 [0.         0.         0.         ... 0.         0.         0.        ]
 [0.04347826 0.         0.         ... 0.         0.         0.        ]
 [0.         0.         0.         ... 0.25       0.         0.19047619]]
encoded_tweets before tweets shape: (2880, 100)
before tweets extra_features shape: (2880, 9)
before encoded_tweets: [[-0.00513446 -0.00042976  0.00060057 ... -0.00385831 -0.00466068
  -0.00495051]
 [ 0.00259447 -0.00383591 -0.00055681 ... -0.00445901 -0.00331856
   0.00365389]
 [-0.00387995  0.00112072  0.00374888 ...  0.00125071 -0.00105298
   0.00333207]
 ...
 [ 0.00417201 -0.00143074 -0.00323387 ... -0.00469561 -0.0013465
  -0.00462953]
 [-0.00370531  0.00329041 -0.00245753 ... -0.00465536  0.00059683
   0.0002277 ]
 [ 0.00318408  0.00119901 -0.00548615 ... -0.00411964 -0.00136758
   0.00343639]]
final encoded_tweets shape: (2880, 109)
final encoded_tweets: [[-0.00513446 -0.00042976  0.00060057 ...  0.          0.
   0.        ]
 [ 0.00259447 -0.00383591 -0.00055681 ...  0.          0.
   0.        ]
 [-0.00387995  0.00112072  0.00374888 ...  0.          0.
   0.04761905]
 ...
 [ 0.00417201 -0.00143074 -0.00323387 ...  0.          0.
   0.        ]
 [-0.00370531  0.00329041 -0.00245753 ...  0.          0.
   0.        ]
 [ 0.00318408  0.00119901 -0.00548615 ...  0.25        0.
   0.19047619]]
Final encoded_tweets, after feature selection, shape: (2880, 109)
features chosen shape: (320, 9)
features before normalization: [[1 0 0 ... 0 0 0]
 [0 1 0 ... 0 0 0]
 [1 0 0 ... 0 0 0]
 ...
 [0 0 0 ... 0 0 0]
 [0 0 1 ... 1 0 0]
 [1 0 0 ... 1 0 0]]
features after normalization: [[0.02173913 0.         0.         ... 0.         0.         0.        ]
 [0.         0.1        0.         ... 0.         0.         0.        ]
 [0.02173913 0.         0.         ... 0.         0.         0.        ]
 ...
 [0.         0.         0.         ... 0.         0.         0.        ]
 [0.         0.         0.00309598 ... 0.25       0.         0.        ]
 [0.02173913 0.         0.         ... 0.25       0.         0.        ]]
encoded_tweets before tweets shape: (320, 100)
before tweets extra_features shape: (320, 9)
before encoded_tweets: [[-0.00040042  0.00890076 -0.00666058 ... -0.00651222  0.0004275
  -0.0027855 ]
 [-0.00055514  0.00078011  0.00072896 ... -0.00978637  0.00121866
   0.00018524]
 [ 0.00153559  0.01219394 -0.00669581 ... -0.01089615  0.00205683
   0.0019315 ]
 ...
 [-0.0011125   0.00292572 -0.00042785 ... -0.00132354  0.00186306
   0.0043074 ]
 [-0.0011617   0.00374249 -0.00314703 ... -0.00395734  0.00041809
   0.00225389]
 [-0.00499636  0.00277765 -0.00533236 ... -0.00785175 -0.00131284
  -0.00378529]]
final encoded_tweets shape: (320, 109)
final encoded_tweets: [[-0.00040042  0.00890076 -0.00666058 ...  0.          0.
   0.        ]
 [-0.00055514  0.00078011  0.00072896 ...  0.          0.
   0.        ]
 [ 0.00153559  0.01219394 -0.00669581 ...  0.          0.
   0.        ]
 ...
 [-0.0011125   0.00292572 -0.00042785 ...  0.          0.
   0.        ]
 [-0.0011617   0.00374249 -0.00314703 ...  0.25        0.
   0.        ]
 [-0.00499636  0.00277765 -0.00533236 ...  0.25        0.
   0.        ]]
Final encoded_tweets, after feature selection, shape: (320, 109)
Evaluating model...
ROC: 0.5559378118598666
Continued Avg: 0.5489500675187798
[[210  31]
 [ 60  19]]
Average Precision: 0.37735517708382177
Average Accuracy: 0.6928124999999999
Average Recall: 0.24729169210235727
Average F1-score: 0.2935844408882061
Average ROC:0.5489500675187798
Fold #: 1
features chosen shape: (2566, 11)
features before normalization: [[ 1.     0.     0.    ...  0.168  0.     0.   ]
 [ 2.     0.     0.    ...  0.     0.     0.   ]
 [ 1.     1.     0.    ... -0.776  1.     0.   ]
 ...
 [ 0.     0.     0.    ...  0.681  1.     0.   ]
 [ 1.     0.     1.    ... -0.402  0.     0.   ]
 [ 5.     0.     0.    ... -0.637  0.     1.   ]]
features after normalization: [[0.022 0.    0.    ... 0.588 0.    0.   ]
 [0.043 0.    0.    ... 0.503 0.    0.   ]
 [0.022 0.1   0.    ... 0.108 0.2   0.   ]
 ...
 [0.    0.    0.    ... 0.849 0.2   0.   ]
 [0.022 0.    0.143 ... 0.298 0.    0.   ]
 [0.109 0.    0.    ... 0.179 0.    0.2  ]]
encoded_tweets before tweets shape: (2566, 100)
before tweets extra_features shape: (2566, 11)
before encoded_tweets: [[-7.737e-04  1.343e-03  2.624e-03 ...  4.878e-03 -1.412e-03  4.700e-03]
 [-3.206e-03 -4.139e-03  1.718e-04 ...  2.149e-03 -5.597e-03  5.268e-03]
 [-1.482e-03  1.743e-03  4.601e-04 ...  1.011e-02 -6.303e-03  8.201e-05]
 ...
 [-1.276e-02 -4.018e-03  1.176e-02 ...  1.647e-02 -1.132e-02  9.962e-03]
 [ 2.401e-03  1.650e-03 -1.076e-03 ...  4.252e-03  6.379e-04  2.401e-03]
 [-6.912e-03  1.054e-04 -1.437e-03 ...  7.785e-03 -3.375e-03  1.751e-03]]
final encoded_tweets shape: (2566, 111)
final encoded_tweets: [[-7.737e-04  1.343e-03  2.624e-03 ...  5.879e-01  0.000e+00  0.000e+00]
 [-3.206e-03 -4.139e-03  1.718e-04 ...  5.025e-01  0.000e+00  0.000e+00]
 [-1.482e-03  1.743e-03  4.601e-04 ...  1.078e-01  2.000e-01  0.000e+00]
 ...
 [-1.276e-02 -4.018e-03  1.176e-02 ...  8.486e-01  2.000e-01  0.000e+00]
 [ 2.401e-03  1.650e-03 -1.076e-03 ...  2.982e-01  0.000e+00  0.000e+00]
 [-6.912e-03  1.054e-04 -1.437e-03 ...  1.785e-01  0.000e+00  2.000e-01]]
Final encoded_tweets, after feature selection, shape: (2566, 111)
features chosen shape: (286, 11)
features before normalization: [[ 0.     2.     0.    ...  0.647  0.     0.   ]
 [ 0.     0.     0.    ... -0.36   0.     1.   ]
 [ 0.     0.     0.    ... -0.414  2.     0.   ]
 ...
 [ 4.     0.     0.    ...  0.361  0.     0.   ]
 [ 1.     0.     0.    ...  0.     0.     0.   ]
 [ 1.     0.     0.    ...  0.574  0.     0.   ]]
features after normalization: [[0.    0.2   0.    ... 0.831 0.    0.   ]
 [0.    0.    0.    ... 0.32  0.    0.2  ]
 [0.    0.    0.    ... 0.292 0.4   0.   ]
 ...
 [0.087 0.    0.    ... 0.686 0.    0.   ]
 [0.022 0.    0.    ... 0.503 0.    0.   ]
 [0.022 0.    0.    ... 0.794 0.    0.   ]]
encoded_tweets before tweets shape: (286, 100)
before tweets extra_features shape: (286, 11)
before encoded_tweets: [[-5.389e-02 -4.089e-03  6.061e-02 ...  7.451e-02 -8.849e-02  4.671e-02]
 [-1.417e-02  1.215e-04  1.651e-02 ...  2.741e-02 -2.853e-02  1.084e-02]
 [-2.056e-02 -6.524e-03  1.696e-02 ...  2.291e-02 -3.037e-02  1.243e-02]
 ...
 [-3.866e-02 -9.098e-03  4.524e-02 ...  5.469e-02 -6.360e-02  2.926e-02]
 [-1.278e-02 -5.919e-05  1.587e-02 ...  1.987e-02 -1.673e-02  8.776e-03]
 [-3.140e-02 -3.540e-03  4.352e-02 ...  5.360e-02 -6.295e-02  3.381e-02]]
final encoded_tweets shape: (286, 111)
final encoded_tweets: [[-5.389e-02 -4.089e-03  6.061e-02 ...  8.313e-01  0.000e+00  0.000e+00]
 [-1.417e-02  1.215e-04  1.651e-02 ...  3.196e-01  0.000e+00  2.000e-01]
 [-2.056e-02 -6.524e-03  1.696e-02 ...  2.918e-01  4.000e-01  0.000e+00]
 ...
 [-3.866e-02 -9.098e-03  4.524e-02 ...  6.861e-01  0.000e+00  0.000e+00]
 [-1.278e-02 -5.919e-05  1.587e-02 ...  5.025e-01  0.000e+00  0.000e+00]
 [-3.140e-02 -3.540e-03  4.352e-02 ...  7.943e-01  0.000e+00  0.000e+00]]
Final encoded_tweets, after feature selection, shape: (286, 111)
Evaluating model...
ROC: 0.5104916217984199
Continued Avg: 0.5104916217984199
[[127  40]
 [ 88  31]]
Fold #: 2
features chosen shape: (2566, 11)
features before normalization: [[ 1.     0.     0.    ...  0.168  0.     0.   ]
 [ 1.     1.     0.    ... -0.776  1.     0.   ]
 [ 1.     0.     0.    ... -0.582  1.     0.   ]
 ...
 [ 0.     0.     0.    ...  0.681  1.     0.   ]
 [ 1.     0.     1.    ... -0.402  0.     0.   ]
 [ 5.     0.     0.    ... -0.637  0.     1.   ]]
features after normalization: [[0.022 0.    0.    ... 0.591 0.    0.   ]
 [0.022 0.1   0.    ... 0.108 0.2   0.   ]
 [0.022 0.    0.    ... 0.208 0.2   0.   ]
 ...
 [0.    0.    0.    ... 0.852 0.2   0.   ]
 [0.022 0.    0.143 ... 0.3   0.    0.   ]
 [0.109 0.    0.    ... 0.179 0.    0.2  ]]
encoded_tweets before tweets shape: (2566, 100)
before tweets extra_features shape: (2566, 11)
before encoded_tweets: [[ 1.149e-03  1.994e-03 -2.089e-03 ... -7.118e-04  2.227e-05  5.177e-03]
 [-4.434e-03 -3.924e-03 -1.150e-03 ...  8.816e-04 -9.232e-03  8.536e-03]
 [-7.751e-03  2.188e-03 -7.199e-03 ...  4.087e-03 -2.412e-02  1.550e-02]
 ...
 [-1.102e-02 -2.944e-03  1.406e-03 ...  4.804e-03 -1.360e-02  1.529e-02]
 [ 2.911e-03  1.765e-03 -2.751e-03 ...  2.233e-03  1.210e-03  2.657e-03]
 [-6.385e-03  6.295e-04 -4.517e-03 ...  4.119e-03 -3.401e-03  2.503e-03]]
final encoded_tweets shape: (2566, 111)
final encoded_tweets: [[ 1.149e-03  1.994e-03 -2.089e-03 ...  5.906e-01  0.000e+00  0.000e+00]
 [-4.434e-03 -3.924e-03 -1.150e-03 ...  1.083e-01  2.000e-01  0.000e+00]
 [-7.751e-03  2.188e-03 -7.199e-03 ...  2.078e-01  2.000e-01  0.000e+00]
 ...
 [-1.102e-02 -2.944e-03  1.406e-03 ...  8.524e-01  2.000e-01  0.000e+00]
 [ 2.911e-03  1.765e-03 -2.751e-03 ...  2.995e-01  0.000e+00  0.000e+00]
 [-6.385e-03  6.295e-04 -4.517e-03 ...  1.793e-01  0.000e+00  2.000e-01]]
Final encoded_tweets, after feature selection, shape: (2566, 111)
features chosen shape: (286, 11)
features before normalization: [[ 2.     0.     0.    ...  0.     0.     0.   ]
 [ 0.     1.     1.    ... -0.316  0.     0.   ]
 [ 0.     2.     1.    ...  0.54   0.     0.   ]
 ...
 [ 1.     0.     0.    ... -0.612  0.     1.   ]
 [ 1.     0.     0.    ... -0.527  1.     0.   ]
 [ 0.     1.     0.    ...  0.341  1.     0.   ]]
features after normalization: [[0.043 0.    0.    ... 0.505 0.    0.   ]
 [0.    0.1   0.143 ... 0.343 0.    0.   ]
 [0.    0.2   0.143 ... 0.78  0.    0.   ]
 ...
 [0.022 0.    0.    ... 0.193 0.    0.2  ]
 [0.022 0.    0.    ... 0.236 0.2   0.   ]
 [0.    0.1   0.    ... 0.679 0.2   0.   ]]
encoded_tweets before tweets shape: (286, 100)
before tweets extra_features shape: (286, 11)
before encoded_tweets: [[-3.649e-03 -1.525e-03 -3.998e-03 ... -4.368e-03  1.651e-03 -9.185e-04]
 [-1.464e-02 -2.959e-03 -3.601e-03 ...  4.137e-03 -3.018e-02  2.505e-02]
 [-6.078e-03 -7.593e-04 -3.291e-04 ... -1.554e-03 -2.205e-02  1.775e-02]
 ...
 [-2.257e-03  1.233e-03 -5.076e-03 ... -2.199e-04 -1.847e-02  1.009e-02]
 [-1.754e-02  1.103e-03 -1.496e-03 ...  3.680e-04 -4.179e-02  2.533e-02]
 [-1.298e-02 -3.883e-05 -5.467e-03 ... -1.581e-03 -3.287e-02  3.144e-02]]
final encoded_tweets shape: (286, 111)
final encoded_tweets: [[-3.649e-03 -1.525e-03 -3.998e-03 ...  5.048e-01  0.000e+00  0.000e+00]
 [-1.464e-02 -2.959e-03 -3.601e-03 ...  3.432e-01  0.000e+00  0.000e+00]
 [-6.078e-03 -7.593e-04 -3.291e-04 ...  7.805e-01  0.000e+00  0.000e+00]
 ...
 [-2.257e-03  1.233e-03 -5.076e-03 ...  1.925e-01  0.000e+00  2.000e-01]
 [-1.754e-02  1.103e-03 -1.496e-03 ...  2.358e-01  2.000e-01  0.000e+00]
 [-1.298e-02 -3.883e-05 -5.467e-03 ...  6.790e-01  2.000e-01  0.000e+00]]
Final encoded_tweets, after feature selection, shape: (286, 111)
Evaluating model...
ROC: 0.5294524268009678
Continued Avg: 0.5199720242996939
[[120  37]
 [ 91  38]]
Fold #: 3
features chosen shape: (2567, 11)
features before normalization: [[ 1.     0.     0.    ...  0.168  0.     0.   ]
 [ 2.     0.     0.    ...  0.     0.     0.   ]
 [ 1.     0.     0.    ... -0.582  1.     0.   ]
 ...
 [ 0.     0.     1.    ...  0.89   0.     0.   ]
 [ 0.     0.     0.    ...  0.681  1.     0.   ]
 [ 5.     0.     0.    ... -0.637  0.     1.   ]]
features after normalization: [[0.037 0.    0.    ... 0.588 0.    0.   ]
 [0.074 0.    0.    ... 0.503 0.    0.   ]
 [0.037 0.    0.    ... 0.207 0.2   0.   ]
 ...
 [0.    0.    0.143 ... 0.955 0.    0.   ]
 [0.    0.    0.    ... 0.849 0.2   0.   ]
 [0.185 0.    0.    ... 0.179 0.    0.2  ]]
encoded_tweets before tweets shape: (2567, 100)
before tweets extra_features shape: (2567, 11)
before encoded_tweets: [[ 1.836e-03  3.332e-03 -1.346e-03 ...  9.307e-04  3.139e-03  1.585e-03]
 [-2.985e-03 -2.722e-03 -4.789e-04 ...  2.092e-03 -5.748e-03  4.956e-03]
 [-9.063e-03  2.108e-02 -3.869e-03 ...  2.291e-02 -2.241e-02 -1.884e-03]
 ...
 [ 1.755e-03  5.336e-03 -2.760e-03 ...  6.023e-03 -1.011e-03  1.592e-03]
 [-1.173e-02  1.171e-02 -4.118e-03 ...  1.560e-02 -1.319e-02  5.669e-04]
 [-5.982e-03 -3.127e-05 -1.787e-03 ...  1.272e-04 -2.502e-03  3.815e-03]]
final encoded_tweets shape: (2567, 111)
final encoded_tweets: [[ 1.836e-03  3.332e-03 -1.346e-03 ...  5.879e-01  0.000e+00  0.000e+00]
 [-2.985e-03 -2.722e-03 -4.789e-04 ...  5.025e-01  0.000e+00  0.000e+00]
 [-9.063e-03  2.108e-02 -3.869e-03 ...  2.069e-01  2.000e-01  0.000e+00]
 ...
 [ 1.755e-03  5.336e-03 -2.760e-03 ...  9.551e-01  0.000e+00  0.000e+00]
 [-1.173e-02  1.171e-02 -4.118e-03 ...  8.486e-01  2.000e-01  0.000e+00]
 [-5.982e-03 -3.127e-05 -1.787e-03 ...  1.785e-01  0.000e+00  2.000e-01]]
Final encoded_tweets, after feature selection, shape: (2567, 111)
features chosen shape: (285, 11)
features before normalization: [[ 1.     1.     0.    ... -0.776  1.     0.   ]
 [ 5.     0.     0.    ... -0.735  0.     1.   ]
 [ 1.     0.     0.    ...  0.765  1.     0.   ]
 ...
 [ 0.     1.     0.    ...  0.38   0.     0.   ]
 [ 0.     0.     0.    ...  0.     0.     0.   ]
 [ 1.     0.     1.    ... -0.402  0.     0.   ]]
features after normalization: [[0.037 0.1   0.    ... 0.108 0.2   0.   ]
 [0.185 0.    0.    ... 0.129 0.    0.2  ]
 [0.037 0.    0.    ... 0.891 0.2   0.   ]
 ...
 [0.    0.1   0.    ... 0.696 0.    0.   ]
 [0.    0.    0.    ... 0.503 0.    0.   ]
 [0.037 0.    0.143 ... 0.298 0.    0.   ]]
encoded_tweets before tweets shape: (285, 100)
before tweets extra_features shape: (285, 11)
before encoded_tweets: [[-0.008  0.01  -0.002 ...  0.02  -0.018  0.006]
 [-0.032  0.045 -0.004 ...  0.044 -0.058  0.003]
 [-0.007  0.015 -0.001 ...  0.014 -0.013  0.   ]
 ...
 [-0.015  0.027  0.005 ...  0.025 -0.031  0.005]
 [-0.008  0.011  0.003 ...  0.014 -0.014  0.005]
 [-0.007  0.01  -0.001 ...  0.01  -0.01   0.005]]
final encoded_tweets shape: (285, 111)
final encoded_tweets: [[-8.393e-03  1.029e-02 -2.456e-03 ...  1.078e-01  2.000e-01  0.000e+00]
 [-3.224e-02  4.534e-02 -4.087e-03 ...  1.288e-01  0.000e+00  2.000e-01]
 [-6.837e-03  1.495e-02 -6.558e-04 ...  8.914e-01  2.000e-01  0.000e+00]
 ...
 [-1.503e-02  2.670e-02  4.924e-03 ...  6.958e-01  0.000e+00  0.000e+00]
 [-8.194e-03  1.088e-02  3.201e-03 ...  5.025e-01  0.000e+00  0.000e+00]
 [-6.817e-03  1.040e-02 -1.407e-03 ...  2.982e-01  0.000e+00  0.000e+00]]
Final encoded_tweets, after feature selection, shape: (285, 111)
Evaluating model...
ROC: 0.581038961038961
Continued Avg: 0.5403276698794496
[[127  48]
 [ 62  48]]
Fold #: 4
features chosen shape: (2567, 11)
features before normalization: [[ 1.     0.     0.    ...  0.168  0.     0.   ]
 [ 2.     0.     0.    ...  0.     0.     0.   ]
 [ 1.     1.     0.    ... -0.776  1.     0.   ]
 ...
 [ 0.     0.     0.    ...  0.681  1.     0.   ]
 [ 1.     0.     1.    ... -0.402  0.     0.   ]
 [ 5.     0.     0.    ... -0.637  0.     1.   ]]
features after normalization: [[0.022 0.    0.    ... 0.588 0.    0.   ]
 [0.043 0.    0.    ... 0.503 0.    0.   ]
 [0.022 0.1   0.    ... 0.108 0.2   0.   ]
 ...
 [0.    0.    0.    ... 0.849 0.2   0.   ]
 [0.022 0.    0.143 ... 0.298 0.    0.   ]
 [0.109 0.    0.    ... 0.179 0.    0.2  ]]
encoded_tweets before tweets shape: (2567, 100)
before tweets extra_features shape: (2567, 11)
before encoded_tweets: [[ 1.129e-03  3.947e-03  1.524e-03 ... -7.213e-05  3.024e-03  2.265e-03]
 [-2.763e-03 -3.840e-03 -4.471e-04 ...  8.406e-04 -4.360e-03  4.916e-03]
 [-6.809e-04  5.486e-03 -5.083e-04 ...  5.368e-03 -1.906e-03 -1.503e-03]
 ...
 [-4.227e-03  1.039e-02  8.779e-03 ...  5.431e-03 -3.574e-03  6.566e-03]
 [-5.478e-03  1.089e-03 -3.275e-03 ...  4.453e-03 -1.132e-04 -9.136e-05]
 [-6.500e-03  4.577e-04  1.310e-03 ... -6.444e-04 -2.167e-03  5.071e-03]]
final encoded_tweets shape: (2567, 111)
final encoded_tweets: [[ 1.129e-03  3.947e-03  1.524e-03 ...  5.879e-01  0.000e+00  0.000e+00]
 [-2.763e-03 -3.840e-03 -4.471e-04 ...  5.025e-01  0.000e+00  0.000e+00]
 [-6.809e-04  5.486e-03 -5.083e-04 ...  1.078e-01  2.000e-01  0.000e+00]
 ...
 [-4.227e-03  1.039e-02  8.779e-03 ...  8.486e-01  2.000e-01  0.000e+00]
 [-5.478e-03  1.089e-03 -3.275e-03 ...  2.982e-01  0.000e+00  0.000e+00]
 [-6.500e-03  4.577e-04  1.310e-03 ...  1.785e-01  0.000e+00  2.000e-01]]
Final encoded_tweets, after feature selection, shape: (2567, 111)
features chosen shape: (285, 11)
features before normalization: [[ 1.     1.     0.    ...  0.944  0.     0.   ]
 [ 0.     0.     0.    ...  0.361  0.     0.   ]
 [ 4.     0.     0.    ... -0.89   0.     1.   ]
 ...
 [ 0.     0.     0.    ... -0.836  0.     1.   ]
 [ 3.     0.     0.    ... -0.755  0.     2.   ]
 [ 2.     2.     0.    ... -0.433  0.     1.   ]]
features after normalization: [[0.022 0.1   0.    ... 0.982 0.    0.   ]
 [0.    0.    0.    ... 0.686 0.    0.   ]
 [0.087 0.    0.    ... 0.05  0.    0.2  ]
 ...
 [0.    0.    0.    ... 0.078 0.    0.2  ]
 [0.065 0.    0.    ... 0.119 0.    0.4  ]
 [0.043 0.2   0.    ... 0.282 0.    0.2  ]]
encoded_tweets before tweets shape: (285, 100)
before tweets extra_features shape: (285, 11)
before encoded_tweets: [[-0.03   0.03   0.038 ...  0.007 -0.026  0.013]
 [-0.016  0.021  0.031 ...  0.013 -0.015  0.013]
 [-0.021  0.022  0.04  ...  0.014 -0.025  0.011]
 ...
 [-0.024  0.026  0.034 ...  0.007 -0.021  0.01 ]
 [-0.036  0.032  0.048 ...  0.018 -0.03   0.022]
 [-0.015  0.023  0.024 ...  0.007 -0.011  0.007]]
final encoded_tweets shape: (285, 111)
final encoded_tweets: [[-0.03   0.03   0.038 ...  0.982  0.     0.   ]
 [-0.016  0.021  0.031 ...  0.686  0.     0.   ]
 [-0.021  0.022  0.04  ...  0.05   0.     0.2  ]
 ...
 [-0.024  0.026  0.034 ...  0.078  0.     0.2  ]
 [-0.036  0.032  0.048 ...  0.119  0.     0.4  ]
 [-0.015  0.023  0.024 ...  0.282  0.     0.2  ]]
Final encoded_tweets, after feature selection, shape: (285, 111)
Evaluating model...
ROC: 0.5693321353698713
Continued Avg: 0.547578786252055
[[123  36]
 [ 80  46]]
Fold #: 5
features chosen shape: (2567, 11)
features before normalization: [[ 1.     0.     0.    ...  0.168  0.     0.   ]
 [ 2.     0.     0.    ...  0.     0.     0.   ]
 [ 1.     1.     0.    ... -0.776  1.     0.   ]
 ...
 [ 0.     0.     0.    ...  0.681  1.     0.   ]
 [ 1.     0.     1.    ... -0.402  0.     0.   ]
 [ 5.     0.     0.    ... -0.637  0.     1.   ]]
features after normalization: [[0.022 0.    0.    ... 0.588 0.    0.   ]
 [0.043 0.    0.    ... 0.503 0.    0.   ]
 [0.022 0.1   0.    ... 0.108 0.2   0.   ]
 ...
 [0.    0.    0.    ... 0.849 0.2   0.   ]
 [0.022 0.    0.143 ... 0.298 0.    0.   ]
 [0.109 0.    0.    ... 0.179 0.    0.2  ]]
encoded_tweets before tweets shape: (2567, 100)
before tweets extra_features shape: (2567, 11)
before encoded_tweets: [[-1.885e-03  3.520e-03  5.825e-04 ... -1.996e-04  9.956e-04  3.206e-03]
 [-1.900e-03 -4.206e-03 -1.073e-03 ...  8.800e-04 -3.674e-03  4.304e-03]
 [-2.329e-03  4.326e-03 -2.252e-03 ...  4.866e-03 -3.491e-03 -1.568e-03]
 ...
 [-2.251e-02  1.214e-02  7.066e-03 ...  4.262e-03 -1.965e-02  1.111e-02]
 [-6.021e-03  1.019e-03 -3.544e-03 ...  4.508e-03 -7.704e-04 -9.046e-05]
 [-8.001e-03 -3.743e-04  2.304e-05 ... -1.326e-03 -3.433e-03  5.110e-03]]
final encoded_tweets shape: (2567, 111)
final encoded_tweets: [[-1.885e-03  3.520e-03  5.825e-04 ...  5.879e-01  0.000e+00  0.000e+00]
 [-1.900e-03 -4.206e-03 -1.073e-03 ...  5.025e-01  0.000e+00  0.000e+00]
 [-2.329e-03  4.326e-03 -2.252e-03 ...  1.078e-01  2.000e-01  0.000e+00]
 ...
 [-2.251e-02  1.214e-02  7.066e-03 ...  8.486e-01  2.000e-01  0.000e+00]
 [-6.021e-03  1.019e-03 -3.544e-03 ...  2.982e-01  0.000e+00  0.000e+00]
 [-8.001e-03 -3.743e-04  2.304e-05 ...  1.785e-01  0.000e+00  2.000e-01]]
Final encoded_tweets, after feature selection, shape: (2567, 111)
features chosen shape: (285, 11)
features before normalization: [[ 0.     0.     0.    ...  0.169  0.     2.   ]
 [ 1.     2.     0.    ...  0.82   0.     0.   ]
 [ 0.     0.     0.    ...  0.     0.     0.   ]
 ...
 [ 0.     0.     0.    ...  0.     0.     0.   ]
 [ 0.     0.     0.    ...  0.     0.     0.   ]
 [ 3.     4.     0.    ... -0.625  0.     0.   ]]
features after normalization: [[0.    0.    0.    ... 0.588 0.    0.4  ]
 [0.022 0.2   0.    ... 0.919 0.    0.   ]
 [0.    0.    0.    ... 0.503 0.    0.   ]
 ...
 [0.    0.    0.    ... 0.503 0.    0.   ]
 [0.    0.    0.    ... 0.503 0.    0.   ]
 [0.065 0.4   0.    ... 0.185 0.    0.   ]]
encoded_tweets before tweets shape: (285, 100)
before tweets extra_features shape: (285, 11)
before encoded_tweets: [[-0.057  0.024  0.021 ...  0.002 -0.048  0.022]
 [-0.035  0.009  0.013 ...  0.004 -0.036  0.015]
 [-0.041  0.014  0.021 ...  0.009 -0.033  0.012]
 ...
 [-0.052  0.015  0.024 ...  0.001 -0.038  0.015]
 [-0.003  0.006  0.004 ...  0.005 -0.005  0.005]
 [-0.026  0.01   0.009 ...  0.001 -0.03   0.009]]
final encoded_tweets shape: (285, 111)
final encoded_tweets: [[-0.057  0.024  0.021 ...  0.588  0.     0.4  ]
 [-0.035  0.009  0.013 ...  0.919  0.     0.   ]
 [-0.041  0.014  0.021 ...  0.503  0.     0.   ]
 ...
 [-0.052  0.015  0.024 ...  0.503  0.     0.   ]
 [-0.003  0.006  0.004 ...  0.503  0.     0.   ]
 [-0.026  0.01   0.009 ...  0.185  0.     0.   ]]
Final encoded_tweets, after feature selection, shape: (285, 111)
Evaluating model...
ROC: 0.5515000000000001
Continued Avg: 0.5483630290016441
[[124  36]
 [ 84  41]]
Fold #: 6
features chosen shape: (2567, 11)
features before normalization: [[ 1.     0.     0.    ...  0.168  0.     0.   ]
 [ 2.     0.     0.    ...  0.     0.     0.   ]
 [ 1.     1.     0.    ... -0.776  1.     0.   ]
 ...
 [ 0.     0.     0.    ...  0.681  1.     0.   ]
 [ 1.     0.     1.    ... -0.402  0.     0.   ]
 [ 5.     0.     0.    ... -0.637  0.     1.   ]]
features after normalization: [[0.022 0.    0.    ... 0.588 0.    0.   ]
 [0.043 0.    0.    ... 0.503 0.    0.   ]
 [0.022 0.1   0.    ... 0.108 0.2   0.   ]
 ...
 [0.    0.    0.    ... 0.849 0.2   0.   ]
 [0.022 0.    0.143 ... 0.298 0.    0.   ]
 [0.109 0.    0.    ... 0.179 0.    0.2  ]]
encoded_tweets before tweets shape: (2567, 100)
before tweets extra_features shape: (2567, 11)
before encoded_tweets: [[ 3.903e-03  1.564e-04 -7.237e-04 ... -8.832e-04  4.057e-03  2.099e-03]
 [-2.529e-03 -4.263e-03 -5.645e-04 ...  1.035e-03 -4.612e-03  4.880e-03]
 [ 4.259e-03 -8.316e-04 -2.711e-03 ...  3.906e-03 -1.031e-03 -2.277e-03]
 ...
 [ 8.248e-03 -6.295e-03  6.746e-04 ...  1.546e-03 -1.038e-03  3.473e-03]
 [-4.329e-03 -4.265e-04 -3.447e-03 ...  4.147e-03 -3.242e-04 -8.444e-05]
 [-4.935e-03 -1.911e-03 -1.623e-03 ... -1.640e-03 -9.945e-04  3.903e-03]]
final encoded_tweets shape: (2567, 111)
final encoded_tweets: [[ 3.903e-03  1.564e-04 -7.237e-04 ...  5.879e-01  0.000e+00  0.000e+00]
 [-2.529e-03 -4.263e-03 -5.645e-04 ...  5.025e-01  0.000e+00  0.000e+00]
 [ 4.259e-03 -8.316e-04 -2.711e-03 ...  1.078e-01  2.000e-01  0.000e+00]
 ...
 [ 8.248e-03 -6.295e-03  6.746e-04 ...  8.486e-01  2.000e-01  0.000e+00]
 [-4.329e-03 -4.265e-04 -3.447e-03 ...  2.982e-01  0.000e+00  0.000e+00]
 [-4.935e-03 -1.911e-03 -1.623e-03 ...  1.785e-01  0.000e+00  2.000e-01]]
Final encoded_tweets, after feature selection, shape: (2567, 111)
features chosen shape: (285, 11)
features before normalization: [[ 0.     0.     0.    ...  0.586  0.     0.   ]
 [ 2.     0.     0.    ...  0.137  0.     0.   ]
 [ 0.     0.     0.    ... -0.844  0.     2.   ]
 ...
 [ 0.     0.     0.    ... -0.052  0.     0.   ]
 [ 1.     0.     0.    ...  0.459  0.     0.   ]
 [ 1.     1.     0.    ... -0.611  0.     1.   ]]
features after normalization: [[0.    0.    0.    ... 0.8   0.    0.   ]
 [0.043 0.    0.    ... 0.572 0.    0.   ]
 [0.    0.    0.    ... 0.073 0.    0.4  ]
 ...
 [0.    0.    0.    ... 0.476 0.    0.   ]
 [0.022 0.    0.    ... 0.736 0.    0.   ]
 [0.022 0.1   0.    ... 0.192 0.    0.2  ]]
encoded_tweets before tweets shape: (285, 100)
before tweets extra_features shape: (285, 11)
before encoded_tweets: [[ 0.013 -0.022  0.014 ... -0.003 -0.007  0.005]
 [ 0.013 -0.028  0.012 ...  0.002 -0.018  0.011]
 [ 0.015 -0.03   0.013 ... -0.002 -0.013  0.006]
 ...
 [ 0.034 -0.061  0.028 ... -0.007 -0.037  0.023]
 [ 0.004 -0.012  0.009 ... -0.003 -0.009  0.004]
 [ 0.003 -0.009  0.006 ...  0.002 -0.006  0.   ]]
final encoded_tweets shape: (285, 111)
final encoded_tweets: [[ 0.013 -0.022  0.014 ...  0.8    0.     0.   ]
 [ 0.013 -0.028  0.012 ...  0.572  0.     0.   ]
 [ 0.015 -0.03   0.013 ...  0.073  0.     0.4  ]
 ...
 [ 0.034 -0.061  0.028 ...  0.476  0.     0.   ]
 [ 0.004 -0.012  0.009 ...  0.736  0.     0.   ]
 [ 0.003 -0.009  0.006 ...  0.192  0.     0.2  ]]
Final encoded_tweets, after feature selection, shape: (285, 111)
Evaluating model...
ROC: 0.5464468533574225
Continued Avg: 0.5480436663942738
[[127  35]
 [ 85  38]]
Fold #: 7
features chosen shape: (2567, 11)
features before normalization: [[ 2.     0.     0.    ...  0.     0.     0.   ]
 [ 1.     1.     0.    ... -0.776  1.     0.   ]
 [ 1.     0.     0.    ... -0.582  1.     0.   ]
 ...
 [ 0.     0.     1.    ...  0.89   0.     0.   ]
 [ 0.     0.     0.    ...  0.681  1.     0.   ]
 [ 1.     0.     1.    ... -0.402  0.     0.   ]]
features after normalization: [[0.043 0.    0.    ... 0.5   0.    0.   ]
 [0.022 0.1   0.    ... 0.103 0.25  0.   ]
 [0.022 0.    0.    ... 0.203 0.25  0.   ]
 ...
 [0.    0.    0.143 ... 0.955 0.    0.   ]
 [0.    0.    0.    ... 0.848 0.25  0.   ]
 [0.022 0.    0.143 ... 0.295 0.    0.   ]]
encoded_tweets before tweets shape: (2567, 100)
before tweets extra_features shape: (2567, 11)
before encoded_tweets: [[ 0.003  0.002 -0.002 ... -0.001  0.005  0.001]
 [-0.002 -0.002  0.001 ...  0.001 -0.005  0.007]
 [ 0.006  0.011  0.001 ...  0.005 -0.001  0.004]
 ...
 [ 0.004  0.003 -0.002 ...  0.003  0.003  0.002]
 [-0.003  0.007 -0.001 ...  0.005 -0.001  0.005]
 [-0.004 -0.    -0.001 ... -0.001 -0.001  0.005]]
final encoded_tweets shape: (2567, 111)
final encoded_tweets: [[ 2.811e-03  1.975e-03 -1.711e-03 ...  5.000e-01  0.000e+00  0.000e+00]
 [-1.859e-03 -1.764e-03  5.661e-04 ...  1.033e-01  2.500e-01  0.000e+00]
 [ 5.672e-03  1.121e-02  9.166e-04 ...  2.029e-01  2.500e-01  0.000e+00]
 ...
 [ 4.258e-03  3.360e-03 -2.029e-03 ...  9.549e-01  0.000e+00  0.000e+00]
 [-2.862e-03  6.525e-03 -1.416e-03 ...  8.478e-01  2.500e-01  0.000e+00]
 [-4.369e-03 -4.290e-04 -9.902e-04 ...  2.946e-01  0.000e+00  0.000e+00]]
Final encoded_tweets, after feature selection, shape: (2567, 111)
features chosen shape: (285, 11)
features before normalization: [[ 1.     0.     0.    ...  0.168  0.     0.   ]
 [ 2.     0.     0.    ... -0.511  0.     0.   ]
 [ 0.     0.     0.    ... -0.612  0.     0.   ]
 ...
 [ 1.     0.     0.    ...  0.66   0.     0.   ]
 [ 0.     0.     1.    ...  0.572  0.     0.   ]
 [ 5.     0.     0.    ... -0.637  0.     1.   ]]
features after normalization: [[0.022 0.    0.    ... 0.586 0.    0.   ]
 [0.043 0.    0.    ... 0.239 0.    0.   ]
 [0.    0.    0.    ... 0.187 0.    0.   ]
 ...
 [0.022 0.    0.    ... 0.837 0.    0.   ]
 [0.    0.    0.143 ... 0.792 0.    0.   ]
 [0.109 0.    0.    ... 0.174 0.    0.2  ]]
encoded_tweets before tweets shape: (285, 100)
before tweets extra_features shape: (285, 11)
before encoded_tweets: [[ 3.923e-03  9.199e-03  4.054e-03 ...  3.165e-03  2.800e-03  1.325e-02]
 [-2.077e-03 -1.776e-03  4.847e-03 ...  3.492e-04  3.335e-03  4.400e-04]
 [-8.659e-05  1.380e-02  7.950e-03 ... -2.512e-03 -5.207e-03  5.496e-03]
 ...
 [ 1.075e-02  2.297e-02  1.109e-02 ...  7.757e-03 -7.167e-03  2.265e-02]
 [ 5.976e-03  5.399e-03  1.065e-05 ... -1.036e-03 -4.353e-03  2.244e-03]
 [ 6.381e-03  9.686e-03  9.614e-03 ... -4.294e-04 -2.283e-03  6.326e-03]]
final encoded_tweets shape: (285, 111)
final encoded_tweets: [[ 3.923e-03  9.199e-03  4.054e-03 ...  5.858e-01  0.000e+00  0.000e+00]
 [-2.077e-03 -1.776e-03  4.847e-03 ...  2.391e-01  0.000e+00  0.000e+00]
 [-8.659e-05  1.380e-02  7.950e-03 ...  1.871e-01  0.000e+00  0.000e+00]
 ...
 [ 1.075e-02  2.297e-02  1.109e-02 ...  8.371e-01  0.000e+00  0.000e+00]
 [ 5.976e-03  5.399e-03  1.065e-05 ...  7.922e-01  0.000e+00  0.000e+00]
 [ 6.381e-03  9.686e-03  9.614e-03 ...  1.743e-01  0.000e+00  2.000e-01]]
Final encoded_tweets, after feature selection, shape: (285, 111)
Evaluating model...
ROC: 0.5617424242424243
Continued Avg: 0.5500006318011524
[[140  25]
 [ 87  33]]
Fold #: 8
features chosen shape: (2567, 11)
features before normalization: [[ 1.     0.     0.    ...  0.168  0.     0.   ]
 [ 2.     0.     0.    ...  0.     0.     0.   ]
 [ 1.     1.     0.    ... -0.776  1.     0.   ]
 ...
 [ 0.     0.     0.    ...  0.     0.     0.   ]
 [ 1.     0.     1.    ... -0.402  0.     0.   ]
 [ 5.     0.     0.    ... -0.637  0.     1.   ]]
features after normalization: [[0.022 0.    0.    ... 0.588 0.    0.   ]
 [0.043 0.    0.    ... 0.503 0.    0.   ]
 [0.022 0.1   0.    ... 0.108 0.2   0.   ]
 ...
 [0.    0.    0.    ... 0.503 0.    0.   ]
 [0.022 0.    0.143 ... 0.298 0.    0.   ]
 [0.109 0.    0.    ... 0.179 0.    0.25 ]]
encoded_tweets before tweets shape: (2567, 100)
before tweets extra_features shape: (2567, 11)
before encoded_tweets: [[ 0.001  0.005  0.004 ... -0.001  0.002  0.006]
 [-0.003 -0.003  0.    ...  0.001 -0.005  0.006]
 [ 0.002  0.004 -0.002 ...  0.004 -0.001 -0.001]
 ...
 [ 0.003  0.004  0.001 ...  0.002  0.001  0.004]
 [-0.006  0.002 -0.001 ...  0.004 -0.001  0.002]
 [-0.006 -0.     0.001 ... -0.002 -0.002  0.006]]
final encoded_tweets shape: (2567, 111)
final encoded_tweets: [[ 1.342e-03  5.421e-03  3.604e-03 ...  5.879e-01  0.000e+00  0.000e+00]
 [-2.980e-03 -3.428e-03  2.930e-04 ...  5.025e-01  0.000e+00  0.000e+00]
 [ 1.646e-03  4.039e-03 -1.594e-03 ...  1.078e-01  2.000e-01  0.000e+00]
 ...
 [ 2.647e-03  3.987e-03  8.825e-04 ...  5.025e-01  0.000e+00  0.000e+00]
 [-5.680e-03  2.207e-03 -1.315e-03 ...  2.982e-01  0.000e+00  0.000e+00]
 [-5.552e-03 -1.399e-04  9.650e-04 ...  1.785e-01  0.000e+00  2.500e-01]]
Final encoded_tweets, after feature selection, shape: (2567, 111)
features chosen shape: (285, 11)
features before normalization: [[1.    0.    0.    ... 0.    1.    0.   ]
 [0.    0.    0.    ... 0.    0.    0.   ]
 [0.    0.    0.    ... 0.    0.    0.   ]
 ...
 [0.    0.    0.    ... 0.    0.    0.   ]
 [0.    0.    1.    ... 0.89  0.    0.   ]
 [0.    0.    0.    ... 0.681 1.    0.   ]]
features after normalization: [[0.022 0.    0.    ... 0.503 0.2   0.   ]
 [0.    0.    0.    ... 0.503 0.    0.   ]
 [0.    0.    0.    ... 0.503 0.    0.   ]
 ...
 [0.    0.    0.    ... 0.503 0.    0.   ]
 [0.    0.    0.143 ... 0.955 0.    0.   ]
 [0.    0.    0.    ... 0.849 0.2   0.   ]]
encoded_tweets before tweets shape: (285, 100)
before tweets extra_features shape: (285, 11)
before encoded_tweets: [[-0.01   0.027  0.045 ... -0.011 -0.02   0.032]
 [-0.004  0.006  0.007 ... -0.002 -0.008  0.01 ]
 [-0.003  0.008  0.019 ... -0.001 -0.013  0.015]
 ...
 [-0.002  0.007  0.014 ...  0.002 -0.002  0.008]
 [-0.005  0.011  0.02  ... -0.007 -0.015  0.022]
 [-0.009  0.034  0.044 ... -0.003 -0.024  0.04 ]]
final encoded_tweets shape: (285, 111)
final encoded_tweets: [[-0.01   0.027  0.045 ...  0.503  0.2    0.   ]
 [-0.004  0.006  0.007 ...  0.503  0.     0.   ]
 [-0.003  0.008  0.019 ...  0.503  0.     0.   ]
 ...
 [-0.002  0.007  0.014 ...  0.503  0.     0.   ]
 [-0.005  0.011  0.02  ...  0.955  0.     0.   ]
 [-0.009  0.034  0.044 ...  0.849  0.2    0.   ]]
Final encoded_tweets, after feature selection, shape: (285, 111)
Evaluating model...
ROC: 0.5108695652173912
Continued Avg: 0.5451092484781823
[[119  51]
 [ 78  37]]
Fold #: 9
features chosen shape: (2567, 11)
features before normalization: [[ 1.     0.     0.    ...  0.168  0.     0.   ]
 [ 2.     0.     0.    ...  0.     0.     0.   ]
 [ 1.     1.     0.    ... -0.776  1.     0.   ]
 ...
 [ 0.     0.     0.    ...  0.681  1.     0.   ]
 [ 1.     0.     1.    ... -0.402  0.     0.   ]
 [ 5.     0.     0.    ... -0.637  0.     1.   ]]
features after normalization: [[0.022 0.    0.    ... 0.588 0.    0.   ]
 [0.043 0.    0.    ... 0.503 0.    0.   ]
 [0.022 0.1   0.    ... 0.108 0.2   0.   ]
 ...
 [0.    0.    0.    ... 0.849 0.2   0.   ]
 [0.022 0.    0.143 ... 0.298 0.    0.   ]
 [0.109 0.    0.    ... 0.179 0.    0.2  ]]
encoded_tweets before tweets shape: (2567, 100)
before tweets extra_features shape: (2567, 11)
before encoded_tweets: [[ 1.325e-03  2.923e-03 -1.742e-03 ... -6.562e-04  4.890e-03  1.002e-03]
 [-2.978e-03 -3.525e-03 -7.531e-04 ...  1.144e-03 -4.585e-03  4.637e-03]
 [-7.448e-03  7.341e-03 -5.983e-03 ...  4.057e-03 -4.683e-04 -4.272e-03]
 ...
 [-1.363e-02  1.030e-02 -5.739e-03 ...  1.932e-03  1.429e-03 -8.135e-04]
 [-7.430e-03  1.904e-03 -4.365e-03 ...  4.238e-03  4.485e-05 -7.738e-04]
 [-9.016e-03  7.907e-04 -2.197e-03 ... -1.454e-03 -1.209e-03  3.559e-03]]
final encoded_tweets shape: (2567, 111)
final encoded_tweets: [[ 1.325e-03  2.923e-03 -1.742e-03 ...  5.879e-01  0.000e+00  0.000e+00]
 [-2.978e-03 -3.525e-03 -7.531e-04 ...  5.025e-01  0.000e+00  0.000e+00]
 [-7.448e-03  7.341e-03 -5.983e-03 ...  1.078e-01  2.000e-01  0.000e+00]
 ...
 [-1.363e-02  1.030e-02 -5.739e-03 ...  8.486e-01  2.000e-01  0.000e+00]
 [-7.430e-03  1.904e-03 -4.365e-03 ...  2.982e-01  0.000e+00  0.000e+00]
 [-9.016e-03  7.907e-04 -2.197e-03 ...  1.785e-01  0.000e+00  2.000e-01]]
Final encoded_tweets, after feature selection, shape: (2567, 111)
features chosen shape: (285, 11)
features before normalization: [[ 1.     0.     0.    ... -0.582  1.     0.   ]
 [ 2.     0.     0.    ... -0.433  0.     0.   ]
 [ 5.     0.     0.    ... -0.883  0.     2.   ]
 ...
 [ 0.     0.     1.    ...  0.84   1.     0.   ]
 [ 1.     0.     0.    ...  0.     0.     0.   ]
 [ 0.     0.     0.    ... -0.202  0.     1.   ]]
features after normalization: [[0.022 0.    0.    ... 0.207 0.2   0.   ]
 [0.043 0.    0.    ... 0.282 0.    0.   ]
 [0.109 0.    0.    ... 0.053 0.    0.4  ]
 ...
 [0.    0.    0.143 ... 0.93  0.2   0.   ]
 [0.022 0.    0.    ... 0.503 0.    0.   ]
 [0.    0.    0.    ... 0.4   0.    0.2  ]]
encoded_tweets before tweets shape: (285, 100)
before tweets extra_features shape: (285, 11)
before encoded_tweets: [[-1.013e-01  5.207e-02 -1.732e-02 ...  9.055e-04 -7.955e-03 -1.462e-02]
 [-4.666e-02  2.213e-02 -9.801e-03 ... -2.941e-03 -5.991e-04 -5.968e-03]
 [-7.393e-02  3.385e-02 -1.153e-02 ... -3.255e-03 -1.072e-02 -3.863e-03]
 ...
 [-6.253e-02  3.086e-02 -1.127e-02 ... -4.323e-03 -9.550e-03 -1.095e-02]
 [-1.523e-02  7.133e-03 -6.700e-04 ... -4.367e-03 -5.384e-03  5.440e-04]
 [-2.784e-02  1.794e-02 -9.354e-03 ... -4.103e-03  8.322e-04 -9.597e-05]]
final encoded_tweets shape: (285, 111)
final encoded_tweets: [[-1.013e-01  5.207e-02 -1.732e-02 ...  2.069e-01  2.000e-01  0.000e+00]
 [-4.666e-02  2.213e-02 -9.801e-03 ...  2.824e-01  0.000e+00  0.000e+00]
 [-7.393e-02  3.385e-02 -1.153e-02 ...  5.343e-02  0.000e+00  4.000e-01]
 ...
 [-6.253e-02  3.086e-02 -1.127e-02 ...  9.296e-01  2.000e-01  0.000e+00]
 [-1.523e-02  7.133e-03 -6.700e-04 ...  5.025e-01  0.000e+00  0.000e+00]
 [-2.784e-02  1.794e-02 -9.354e-03 ...  3.997e-01  0.000e+00  2.000e-01]]
Final encoded_tweets, after feature selection, shape: (285, 111)
Evaluating model...
ROC: 0.5357142857142857
Continued Avg: 0.5440653637266383
[[108  44]
 [ 85  48]]
Fold #: 10
features chosen shape: (2567, 11)
features before normalization: [[ 1.     0.     0.    ...  0.168  0.     0.   ]
 [ 2.     0.     0.    ...  0.     0.     0.   ]
 [ 1.     1.     0.    ... -0.776  1.     0.   ]
 ...
 [ 0.     0.     0.    ...  0.681  1.     0.   ]
 [ 1.     0.     1.    ... -0.402  0.     0.   ]
 [ 5.     0.     0.    ... -0.637  0.     1.   ]]
features after normalization: [[0.022 0.    0.    ... 0.588 0.    0.   ]
 [0.043 0.    0.    ... 0.503 0.    0.   ]
 [0.022 0.1   0.    ... 0.108 0.2   0.   ]
 ...
 [0.    0.    0.    ... 0.849 0.2   0.   ]
 [0.022 0.    0.143 ... 0.298 0.    0.   ]
 [0.109 0.    0.    ... 0.179 0.    0.2  ]]
encoded_tweets before tweets shape: (2567, 100)
before tweets extra_features shape: (2567, 11)
before encoded_tweets: [[ 2.988e-03  2.304e-03 -4.384e-04 ...  1.800e-03  3.032e-03  3.423e-03]
 [-2.337e-03 -3.769e-03 -2.446e-05 ...  2.179e-03 -5.446e-03  5.545e-03]
 [ 2.615e-03  3.333e-03 -2.051e-03 ...  8.785e-03 -3.155e-03 -1.495e-04]
 ...
 [ 4.216e-03  4.025e-03  3.187e-03 ...  1.408e-02 -6.323e-03  9.667e-03]
 [-4.920e-03  8.912e-04 -3.377e-03 ...  5.763e-03 -8.334e-04  7.094e-04]
 [-4.829e-03 -1.047e-03 -8.693e-04 ... -7.588e-04 -1.262e-03  4.369e-03]]
final encoded_tweets shape: (2567, 111)
final encoded_tweets: [[ 2.988e-03  2.304e-03 -4.384e-04 ...  5.879e-01  0.000e+00  0.000e+00]
 [-2.337e-03 -3.769e-03 -2.446e-05 ...  5.025e-01  0.000e+00  0.000e+00]
 [ 2.615e-03  3.333e-03 -2.051e-03 ...  1.078e-01  2.000e-01  0.000e+00]
 ...
 [ 4.216e-03  4.025e-03  3.187e-03 ...  8.486e-01  2.000e-01  0.000e+00]
 [-4.920e-03  8.912e-04 -3.377e-03 ...  2.982e-01  0.000e+00  0.000e+00]
 [-4.829e-03 -1.047e-03 -8.693e-04 ...  1.785e-01  0.000e+00  2.000e-01]]
Final encoded_tweets, after feature selection, shape: (2567, 111)
features chosen shape: (285, 11)
features before normalization: [[ 4.     0.     0.    ... -0.71   0.     0.   ]
 [ 0.     0.     0.    ...  0.361  0.     0.   ]
 [ 0.     0.     0.    ... -0.706  0.     0.   ]
 ...
 [ 0.     0.     0.    ... -0.718  0.     0.   ]
 [ 0.     0.     0.    ... -0.599  0.     1.   ]
 [ 5.     1.     0.    ...  0.234  0.     0.   ]]
features after normalization: [[0.087 0.    0.    ... 0.142 0.    0.   ]
 [0.    0.    0.    ... 0.686 0.    0.   ]
 [0.    0.    0.    ... 0.144 0.    0.   ]
 ...
 [0.    0.    0.    ... 0.137 0.    0.   ]
 [0.    0.    0.    ... 0.198 0.    0.2  ]
 [0.109 0.1   0.    ... 0.621 0.    0.   ]]
encoded_tweets before tweets shape: (285, 100)
before tweets extra_features shape: (285, 11)
before encoded_tweets: [[-0.002  0.007  0.009 ...  0.026 -0.017  0.023]
 [ 0.004  0.002  0.004 ...  0.011 -0.006  0.007]
 [-0.001  0.008  0.008 ...  0.016 -0.012  0.011]
 ...
 [-0.001  0.012  0.026 ...  0.047 -0.035  0.029]
 [ 0.006  0.003  0.004 ...  0.016 -0.013  0.017]
 [ 0.003  0.014  0.022 ...  0.039 -0.038  0.032]]
final encoded_tweets shape: (285, 111)
final encoded_tweets: [[-0.002  0.007  0.009 ...  0.142  0.     0.   ]
 [ 0.004  0.002  0.004 ...  0.686  0.     0.   ]
 [-0.001  0.008  0.008 ...  0.144  0.     0.   ]
 ...
 [-0.001  0.012  0.026 ...  0.137  0.     0.   ]
 [ 0.006  0.003  0.004 ...  0.198  0.     0.2  ]
 [ 0.003  0.014  0.022 ...  0.621  0.     0.   ]]
Final encoded_tweets, after feature selection, shape: (285, 111)
Evaluating model...
ROC: 0.4985185185185186
Continued Avg: 0.5395106792058263
[[104  46]
 [ 94  41]]
Average Precision: 0.5039701033352435
Average Accuracy: 0.5680333701386333
Average Recall: 0.3254809025743005
Average F1-score: 0.39322421875595726
Average ROC:0.5395106792058263
