Fold #: 1
features chosen shape: (2566, 11)
features before normalization: [[ 1.     0.     0.    ...  0.168  0.     0.   ]
 [ 2.     0.     0.    ...  0.     0.     0.   ]
 [ 1.     1.     0.    ... -0.776  1.     0.   ]
 ...
 [ 0.     0.     0.    ...  0.681  1.     0.   ]
 [ 1.     0.     1.    ... -0.402  0.     0.   ]
 [ 5.     0.     0.    ... -0.637  0.     1.   ]]
features after normalization: [[0.022 0.    0.    ... 0.588 0.    0.   ]
 [0.043 0.    0.    ... 0.503 0.    0.   ]
 [0.022 0.1   0.    ... 0.108 0.2   0.   ]
 ...
 [0.    0.    0.    ... 0.849 0.2   0.   ]
 [0.022 0.    0.143 ... 0.298 0.    0.   ]
 [0.109 0.    0.    ... 0.179 0.    0.2  ]]
encoded_tweets before tweets shape: (2566, 4680)
before tweets extra_features shape: (2566, 11)
before encoded_tweets: [[0. 0. 0. ... 0. 0. 0.]
 [0. 0. 0. ... 0. 0. 0.]
 [0. 0. 0. ... 0. 0. 0.]
 ...
 [0. 0. 0. ... 0. 0. 0.]
 [0. 0. 0. ... 0. 0. 0.]
 [0. 0. 0. ... 0. 0. 0.]]
final encoded_tweets shape: (2566, 4691)
final encoded_tweets: [[0.    0.    0.    ... 0.588 0.    0.   ]
 [0.    0.    0.    ... 0.503 0.    0.   ]
 [0.    0.    0.    ... 0.108 0.2   0.   ]
 ...
 [0.    0.    0.    ... 0.849 0.2   0.   ]
 [0.    0.    0.    ... 0.298 0.    0.   ]
 [0.    0.    0.    ... 0.179 0.    0.2  ]]
Final encoded_tweets, after feature selection, shape: (2566, 73)
features chosen shape: (286, 11)
features before normalization: [[ 0.     2.     0.    ...  0.647  0.     0.   ]
 [ 0.     0.     0.    ... -0.36   0.     1.   ]
 [ 0.     0.     0.    ... -0.414  2.     0.   ]
 ...
 [ 4.     0.     0.    ...  0.361  0.     0.   ]
 [ 1.     0.     0.    ...  0.     0.     0.   ]
 [ 1.     0.     0.    ...  0.574  0.     0.   ]]
features after normalization: [[0.    0.2   0.    ... 0.831 0.    0.   ]
 [0.    0.    0.    ... 0.32  0.    0.2  ]
 [0.    0.    0.    ... 0.292 0.4   0.   ]
 ...
 [0.087 0.    0.    ... 0.686 0.    0.   ]
 [0.022 0.    0.    ... 0.503 0.    0.   ]
 [0.022 0.    0.    ... 0.794 0.    0.   ]]
encoded_tweets before tweets shape: (286, 4680)
before tweets extra_features shape: (286, 11)
before encoded_tweets: [[0. 0. 0. ... 0. 0. 0.]
 [0. 0. 0. ... 0. 0. 0.]
 [0. 0. 0. ... 0. 0. 0.]
 ...
 [0. 0. 0. ... 0. 0. 0.]
 [0. 0. 0. ... 0. 0. 0.]
 [0. 0. 0. ... 0. 0. 0.]]
final encoded_tweets shape: (286, 4691)
final encoded_tweets: [[0.    0.    0.    ... 0.831 0.    0.   ]
 [0.    0.    0.    ... 0.32  0.    0.2  ]
 [0.    0.    0.    ... 0.292 0.4   0.   ]
 ...
 [0.    0.    0.    ... 0.686 0.    0.   ]
 [0.    0.    0.    ... 0.503 0.    0.   ]
 [0.    0.    0.    ... 0.794 0.    0.   ]]
Final encoded_tweets, after feature selection, shape: (286, 73)
Evaluating model...
ROC: 0.7499874201177477
Continued Avg: 0.7499874201177477
[[127  40]
 [ 31  88]]
Fold #: 2
features chosen shape: (2566, 11)
features before normalization: [[ 1.     0.     0.    ...  0.168  0.     0.   ]
 [ 1.     1.     0.    ... -0.776  1.     0.   ]
 [ 1.     0.     0.    ... -0.582  1.     0.   ]
 ...
 [ 0.     0.     0.    ...  0.681  1.     0.   ]
 [ 1.     0.     1.    ... -0.402  0.     0.   ]
 [ 5.     0.     0.    ... -0.637  0.     1.   ]]
features after normalization: [[0.022 0.    0.    ... 0.591 0.    0.   ]
 [0.022 0.1   0.    ... 0.108 0.2   0.   ]
 [0.022 0.    0.    ... 0.208 0.2   0.   ]
 ...
 [0.    0.    0.    ... 0.852 0.2   0.   ]
 [0.022 0.    0.143 ... 0.3   0.    0.   ]
 [0.109 0.    0.    ... 0.179 0.    0.2  ]]
encoded_tweets before tweets shape: (2566, 4663)
before tweets extra_features shape: (2566, 11)
before encoded_tweets: [[0.    0.    0.    ... 0.    0.    0.   ]
 [0.    0.    0.    ... 0.    0.    0.   ]
 [0.178 0.    0.    ... 0.    0.    0.   ]
 ...
 [0.    0.    0.    ... 0.    0.    0.   ]
 [0.    0.    0.    ... 0.    0.    0.   ]
 [0.    0.    0.    ... 0.    0.    0.   ]]
final encoded_tweets shape: (2566, 4674)
final encoded_tweets: [[0.    0.    0.    ... 0.591 0.    0.   ]
 [0.    0.    0.    ... 0.108 0.2   0.   ]
 [0.178 0.    0.    ... 0.208 0.2   0.   ]
 ...
 [0.    0.    0.    ... 0.852 0.2   0.   ]
 [0.    0.    0.    ... 0.3   0.    0.   ]
 [0.    0.    0.    ... 0.179 0.    0.2  ]]
Final encoded_tweets, after feature selection, shape: (2566, 73)
features chosen shape: (286, 11)
features before normalization: [[ 2.     0.     0.    ...  0.     0.     0.   ]
 [ 0.     1.     1.    ... -0.316  0.     0.   ]
 [ 0.     2.     1.    ...  0.54   0.     0.   ]
 ...
 [ 1.     0.     0.    ... -0.612  0.     1.   ]
 [ 1.     0.     0.    ... -0.527  1.     0.   ]
 [ 0.     1.     0.    ...  0.341  1.     0.   ]]
features after normalization: [[0.043 0.    0.    ... 0.505 0.    0.   ]
 [0.    0.1   0.143 ... 0.343 0.    0.   ]
 [0.    0.2   0.143 ... 0.78  0.    0.   ]
 ...
 [0.022 0.    0.    ... 0.193 0.    0.2  ]
 [0.022 0.    0.    ... 0.236 0.2   0.   ]
 [0.    0.1   0.    ... 0.679 0.2   0.   ]]
encoded_tweets before tweets shape: (286, 4663)
before tweets extra_features shape: (286, 11)
before encoded_tweets: [[0. 0. 0. ... 0. 0. 0.]
 [0. 0. 0. ... 0. 0. 0.]
 [0. 0. 0. ... 0. 0. 0.]
 ...
 [0. 0. 0. ... 0. 0. 0.]
 [0. 0. 0. ... 0. 0. 0.]
 [0. 0. 0. ... 0. 0. 0.]]
final encoded_tweets shape: (286, 4674)
final encoded_tweets: [[0.    0.    0.    ... 0.505 0.    0.   ]
 [0.    0.    0.    ... 0.343 0.    0.   ]
 [0.    0.    0.    ... 0.78  0.    0.   ]
 ...
 [0.    0.    0.    ... 0.193 0.    0.2  ]
 [0.    0.    0.    ... 0.236 0.2   0.   ]
 [0.    0.    0.    ... 0.679 0.2   0.   ]]
Final encoded_tweets, after feature selection, shape: (286, 73)
Evaluating model...
ROC: 0.7261640250827038
Continued Avg: 0.7380757226002257
[[127  30]
 [ 46  83]]
Fold #: 3
features chosen shape: (2567, 11)
features before normalization: [[ 1.     0.     0.    ...  0.168  0.     0.   ]
 [ 2.     0.     0.    ...  0.     0.     0.   ]
 [ 1.     0.     0.    ... -0.582  1.     0.   ]
 ...
 [ 0.     0.     1.    ...  0.89   0.     0.   ]
 [ 0.     0.     0.    ...  0.681  1.     0.   ]
 [ 5.     0.     0.    ... -0.637  0.     1.   ]]
features after normalization: [[0.037 0.    0.    ... 0.588 0.    0.   ]
 [0.074 0.    0.    ... 0.503 0.    0.   ]
 [0.037 0.    0.    ... 0.207 0.2   0.   ]
 ...
 [0.    0.    0.143 ... 0.955 0.    0.   ]
 [0.    0.    0.    ... 0.849 0.2   0.   ]
 [0.185 0.    0.    ... 0.179 0.    0.2  ]]
encoded_tweets before tweets shape: (2567, 4672)
before tweets extra_features shape: (2567, 11)
before encoded_tweets: [[0.    0.    0.    ... 0.    0.    0.   ]
 [0.    0.    0.    ... 0.    0.    0.   ]
 [0.174 0.    0.    ... 0.    0.    0.   ]
 ...
 [0.    0.    0.    ... 0.    0.    0.   ]
 [0.    0.    0.    ... 0.    0.    0.   ]
 [0.    0.    0.    ... 0.    0.    0.   ]]
final encoded_tweets shape: (2567, 4683)
final encoded_tweets: [[0.    0.    0.    ... 0.588 0.    0.   ]
 [0.    0.    0.    ... 0.503 0.    0.   ]
 [0.174 0.    0.    ... 0.207 0.2   0.   ]
 ...
 [0.    0.    0.    ... 0.955 0.    0.   ]
 [0.    0.    0.    ... 0.849 0.2   0.   ]
 [0.    0.    0.    ... 0.179 0.    0.2  ]]
Final encoded_tweets, after feature selection, shape: (2567, 84)
features chosen shape: (285, 11)
features before normalization: [[ 1.     1.     0.    ... -0.776  1.     0.   ]
 [ 5.     0.     0.    ... -0.735  0.     1.   ]
 [ 1.     0.     0.    ...  0.765  1.     0.   ]
 ...
 [ 0.     1.     0.    ...  0.38   0.     0.   ]
 [ 0.     0.     0.    ...  0.     0.     0.   ]
 [ 1.     0.     1.    ... -0.402  0.     0.   ]]
features after normalization: [[0.037 0.1   0.    ... 0.108 0.2   0.   ]
 [0.185 0.    0.    ... 0.129 0.    0.2  ]
 [0.037 0.    0.    ... 0.891 0.2   0.   ]
 ...
 [0.    0.1   0.    ... 0.696 0.    0.   ]
 [0.    0.    0.    ... 0.503 0.    0.   ]
 [0.037 0.    0.143 ... 0.298 0.    0.   ]]
encoded_tweets before tweets shape: (285, 4672)
before tweets extra_features shape: (285, 11)
before encoded_tweets: [[0. 0. 0. ... 0. 0. 0.]
 [0. 0. 0. ... 0. 0. 0.]
 [0. 0. 0. ... 0. 0. 0.]
 ...
 [0. 0. 0. ... 0. 0. 0.]
 [0. 0. 0. ... 0. 0. 0.]
 [0. 0. 0. ... 0. 0. 0.]]
final encoded_tweets shape: (285, 4683)
final encoded_tweets: [[0.    0.    0.    ... 0.108 0.2   0.   ]
 [0.    0.    0.    ... 0.129 0.    0.2  ]
 [0.    0.    0.    ... 0.891 0.2   0.   ]
 ...
 [0.    0.    0.    ... 0.696 0.    0.   ]
 [0.    0.    0.    ... 0.503 0.    0.   ]
 [0.    0.    0.    ... 0.298 0.    0.   ]]
Final encoded_tweets, after feature selection, shape: (285, 84)
Evaluating model...
ROC: 0.7305194805194806
Continued Avg: 0.7355569752399772
[[130  45]
 [ 31  79]]
Fold #: 4
features chosen shape: (2567, 11)
features before normalization: [[ 1.     0.     0.    ...  0.168  0.     0.   ]
 [ 2.     0.     0.    ...  0.     0.     0.   ]
 [ 1.     1.     0.    ... -0.776  1.     0.   ]
 ...
 [ 0.     0.     0.    ...  0.681  1.     0.   ]
 [ 1.     0.     1.    ... -0.402  0.     0.   ]
 [ 5.     0.     0.    ... -0.637  0.     1.   ]]
features after normalization: [[0.022 0.    0.    ... 0.588 0.    0.   ]
 [0.043 0.    0.    ... 0.503 0.    0.   ]
 [0.022 0.1   0.    ... 0.108 0.2   0.   ]
 ...
 [0.    0.    0.    ... 0.849 0.2   0.   ]
 [0.022 0.    0.143 ... 0.298 0.    0.   ]
 [0.109 0.    0.    ... 0.179 0.    0.2  ]]
encoded_tweets before tweets shape: (2567, 4666)
before tweets extra_features shape: (2567, 11)
before encoded_tweets: [[0. 0. 0. ... 0. 0. 0.]
 [0. 0. 0. ... 0. 0. 0.]
 [0. 0. 0. ... 0. 0. 0.]
 ...
 [0. 0. 0. ... 0. 0. 0.]
 [0. 0. 0. ... 0. 0. 0.]
 [0. 0. 0. ... 0. 0. 0.]]
final encoded_tweets shape: (2567, 4677)
final encoded_tweets: [[0.    0.    0.    ... 0.588 0.    0.   ]
 [0.    0.    0.    ... 0.503 0.    0.   ]
 [0.    0.    0.    ... 0.108 0.2   0.   ]
 ...
 [0.    0.    0.    ... 0.849 0.2   0.   ]
 [0.    0.    0.    ... 0.298 0.    0.   ]
 [0.    0.    0.    ... 0.179 0.    0.2  ]]
Final encoded_tweets, after feature selection, shape: (2567, 77)
features chosen shape: (285, 11)
features before normalization: [[ 1.     1.     0.    ...  0.944  0.     0.   ]
 [ 0.     0.     0.    ...  0.361  0.     0.   ]
 [ 4.     0.     0.    ... -0.89   0.     1.   ]
 ...
 [ 0.     0.     0.    ... -0.836  0.     1.   ]
 [ 3.     0.     0.    ... -0.755  0.     2.   ]
 [ 2.     2.     0.    ... -0.433  0.     1.   ]]
features after normalization: [[0.022 0.1   0.    ... 0.982 0.    0.   ]
 [0.    0.    0.    ... 0.686 0.    0.   ]
 [0.087 0.    0.    ... 0.05  0.    0.2  ]
 ...
 [0.    0.    0.    ... 0.078 0.    0.2  ]
 [0.065 0.    0.    ... 0.119 0.    0.4  ]
 [0.043 0.2   0.    ... 0.282 0.    0.2  ]]
encoded_tweets before tweets shape: (285, 4666)
before tweets extra_features shape: (285, 11)
before encoded_tweets: [[0. 0. 0. ... 0. 0. 0.]
 [0. 0. 0. ... 0. 0. 0.]
 [0. 0. 0. ... 0. 0. 0.]
 ...
 [0. 0. 0. ... 0. 0. 0.]
 [0. 0. 0. ... 0. 0. 0.]
 [0. 0. 0. ... 0. 0. 0.]]
final encoded_tweets shape: (285, 4677)
final encoded_tweets: [[0.    0.    0.    ... 0.982 0.    0.   ]
 [0.    0.    0.    ... 0.686 0.    0.   ]
 [0.    0.    0.    ... 0.05  0.    0.2  ]
 ...
 [0.    0.    0.    ... 0.078 0.    0.2  ]
 [0.    0.    0.    ... 0.119 0.    0.4  ]
 [0.    0.    0.    ... 0.282 0.    0.2  ]]
Final encoded_tweets, after feature selection, shape: (285, 77)
Evaluating model...
ROC: 0.7732105420784667
Continued Avg: 0.7449703669495996
[[126  33]
 [ 31  95]]
Fold #: 5
features chosen shape: (2567, 11)
features before normalization: [[ 1.     0.     0.    ...  0.168  0.     0.   ]
 [ 2.     0.     0.    ...  0.     0.     0.   ]
 [ 1.     1.     0.    ... -0.776  1.     0.   ]
 ...
 [ 0.     0.     0.    ...  0.681  1.     0.   ]
 [ 1.     0.     1.    ... -0.402  0.     0.   ]
 [ 5.     0.     0.    ... -0.637  0.     1.   ]]
features after normalization: [[0.022 0.    0.    ... 0.588 0.    0.   ]
 [0.043 0.    0.    ... 0.503 0.    0.   ]
 [0.022 0.1   0.    ... 0.108 0.2   0.   ]
 ...
 [0.    0.    0.    ... 0.849 0.2   0.   ]
 [0.022 0.    0.143 ... 0.298 0.    0.   ]
 [0.109 0.    0.    ... 0.179 0.    0.2  ]]
encoded_tweets before tweets shape: (2567, 4705)
before tweets extra_features shape: (2567, 11)
before encoded_tweets: [[0. 0. 0. ... 0. 0. 0.]
 [0. 0. 0. ... 0. 0. 0.]
 [0. 0. 0. ... 0. 0. 0.]
 ...
 [0. 0. 0. ... 0. 0. 0.]
 [0. 0. 0. ... 0. 0. 0.]
 [0. 0. 0. ... 0. 0. 0.]]
final encoded_tweets shape: (2567, 4716)
final encoded_tweets: [[0.    0.    0.    ... 0.588 0.    0.   ]
 [0.    0.    0.    ... 0.503 0.    0.   ]
 [0.    0.    0.    ... 0.108 0.2   0.   ]
 ...
 [0.    0.    0.    ... 0.849 0.2   0.   ]
 [0.    0.    0.    ... 0.298 0.    0.   ]
 [0.    0.    0.    ... 0.179 0.    0.2  ]]
Final encoded_tweets, after feature selection, shape: (2567, 79)
features chosen shape: (285, 11)
features before normalization: [[ 0.     0.     0.    ...  0.169  0.     2.   ]
 [ 1.     2.     0.    ...  0.82   0.     0.   ]
 [ 0.     0.     0.    ...  0.     0.     0.   ]
 ...
 [ 0.     0.     0.    ...  0.     0.     0.   ]
 [ 0.     0.     0.    ...  0.     0.     0.   ]
 [ 3.     4.     0.    ... -0.625  0.     0.   ]]
features after normalization: [[0.    0.    0.    ... 0.588 0.    0.4  ]
 [0.022 0.2   0.    ... 0.919 0.    0.   ]
 [0.    0.    0.    ... 0.503 0.    0.   ]
 ...
 [0.    0.    0.    ... 0.503 0.    0.   ]
 [0.    0.    0.    ... 0.503 0.    0.   ]
 [0.065 0.4   0.    ... 0.185 0.    0.   ]]
encoded_tweets before tweets shape: (285, 4705)
before tweets extra_features shape: (285, 11)
before encoded_tweets: [[0. 0. 0. ... 0. 0. 0.]
 [0. 0. 0. ... 0. 0. 0.]
 [0. 0. 0. ... 0. 0. 0.]
 ...
 [0. 0. 0. ... 0. 0. 0.]
 [0. 0. 0. ... 0. 0. 0.]
 [0. 0. 0. ... 0. 0. 0.]]
final encoded_tweets shape: (285, 4716)
final encoded_tweets: [[0.    0.    0.    ... 0.588 0.    0.4  ]
 [0.    0.    0.    ... 0.919 0.    0.   ]
 [0.    0.    0.    ... 0.503 0.    0.   ]
 ...
 [0.    0.    0.    ... 0.503 0.    0.   ]
 [0.    0.    0.    ... 0.503 0.    0.   ]
 [0.    0.    0.    ... 0.185 0.    0.   ]]
Final encoded_tweets, after feature selection, shape: (285, 79)
Evaluating model...
ROC: 0.73325
Continued Avg: 0.7426262935596797
[[122  38]
 [ 37  88]]
Fold #: 6
features chosen shape: (2567, 11)
features before normalization: [[ 1.     0.     0.    ...  0.168  0.     0.   ]
 [ 2.     0.     0.    ...  0.     0.     0.   ]
 [ 1.     1.     0.    ... -0.776  1.     0.   ]
 ...
 [ 0.     0.     0.    ...  0.681  1.     0.   ]
 [ 1.     0.     1.    ... -0.402  0.     0.   ]
 [ 5.     0.     0.    ... -0.637  0.     1.   ]]
features after normalization: [[0.022 0.    0.    ... 0.588 0.    0.   ]
 [0.043 0.    0.    ... 0.503 0.    0.   ]
 [0.022 0.1   0.    ... 0.108 0.2   0.   ]
 ...
 [0.    0.    0.    ... 0.849 0.2   0.   ]
 [0.022 0.    0.143 ... 0.298 0.    0.   ]
 [0.109 0.    0.    ... 0.179 0.    0.2  ]]
encoded_tweets before tweets shape: (2567, 4696)
before tweets extra_features shape: (2567, 11)
before encoded_tweets: [[0. 0. 0. ... 0. 0. 0.]
 [0. 0. 0. ... 0. 0. 0.]
 [0. 0. 0. ... 0. 0. 0.]
 ...
 [0. 0. 0. ... 0. 0. 0.]
 [0. 0. 0. ... 0. 0. 0.]
 [0. 0. 0. ... 0. 0. 0.]]
final encoded_tweets shape: (2567, 4707)
final encoded_tweets: [[0.    0.    0.    ... 0.588 0.    0.   ]
 [0.    0.    0.    ... 0.503 0.    0.   ]
 [0.    0.    0.    ... 0.108 0.2   0.   ]
 ...
 [0.    0.    0.    ... 0.849 0.2   0.   ]
 [0.    0.    0.    ... 0.298 0.    0.   ]
 [0.    0.    0.    ... 0.179 0.    0.2  ]]
Final encoded_tweets, after feature selection, shape: (2567, 74)
features chosen shape: (285, 11)
features before normalization: [[ 0.     0.     0.    ...  0.586  0.     0.   ]
 [ 2.     0.     0.    ...  0.137  0.     0.   ]
 [ 0.     0.     0.    ... -0.844  0.     2.   ]
 ...
 [ 0.     0.     0.    ... -0.052  0.     0.   ]
 [ 1.     0.     0.    ...  0.459  0.     0.   ]
 [ 1.     1.     0.    ... -0.611  0.     1.   ]]
features after normalization: [[0.    0.    0.    ... 0.8   0.    0.   ]
 [0.043 0.    0.    ... 0.572 0.    0.   ]
 [0.    0.    0.    ... 0.073 0.    0.4  ]
 ...
 [0.    0.    0.    ... 0.476 0.    0.   ]
 [0.022 0.    0.    ... 0.736 0.    0.   ]
 [0.022 0.1   0.    ... 0.192 0.    0.2  ]]
encoded_tweets before tweets shape: (285, 4696)
before tweets extra_features shape: (285, 11)
before encoded_tweets: [[0. 0. 0. ... 0. 0. 0.]
 [0. 0. 0. ... 0. 0. 0.]
 [0. 0. 0. ... 0. 0. 0.]
 ...
 [0. 0. 0. ... 0. 0. 0.]
 [0. 0. 0. ... 0. 0. 0.]
 [0. 0. 0. ... 0. 0. 0.]]
final encoded_tweets shape: (285, 4707)
final encoded_tweets: [[0.    0.    0.    ... 0.8   0.    0.   ]
 [0.    0.    0.    ... 0.572 0.    0.   ]
 [0.    0.    0.    ... 0.073 0.    0.4  ]
 ...
 [0.    0.    0.    ... 0.476 0.    0.   ]
 [0.    0.    0.    ... 0.736 0.    0.   ]
 [0.    0.    0.    ... 0.192 0.    0.2  ]]
Final encoded_tweets, after feature selection, shape: (285, 74)
Evaluating model...
ROC: 0.7474405299608552
Continued Avg: 0.7434286662932089
[[121  41]
 [ 31  92]]
Fold #: 7
features chosen shape: (2567, 11)
features before normalization: [[ 2.     0.     0.    ...  0.     0.     0.   ]
 [ 1.     1.     0.    ... -0.776  1.     0.   ]
 [ 1.     0.     0.    ... -0.582  1.     0.   ]
 ...
 [ 0.     0.     1.    ...  0.89   0.     0.   ]
 [ 0.     0.     0.    ...  0.681  1.     0.   ]
 [ 1.     0.     1.    ... -0.402  0.     0.   ]]
features after normalization: [[0.043 0.    0.    ... 0.5   0.    0.   ]
 [0.022 0.1   0.    ... 0.103 0.25  0.   ]
 [0.022 0.    0.    ... 0.203 0.25  0.   ]
 ...
 [0.    0.    0.143 ... 0.955 0.    0.   ]
 [0.    0.    0.    ... 0.848 0.25  0.   ]
 [0.022 0.    0.143 ... 0.295 0.    0.   ]]
encoded_tweets before tweets shape: (2567, 4645)
before tweets extra_features shape: (2567, 11)
before encoded_tweets: [[0.    0.    0.    ... 0.    0.    0.   ]
 [0.    0.    0.    ... 0.    0.    0.   ]
 [0.173 0.    0.    ... 0.    0.    0.   ]
 ...
 [0.    0.    0.    ... 0.    0.    0.   ]
 [0.    0.    0.    ... 0.    0.    0.   ]
 [0.    0.    0.    ... 0.    0.    0.   ]]
final encoded_tweets shape: (2567, 4656)
final encoded_tweets: [[0.    0.    0.    ... 0.5   0.    0.   ]
 [0.    0.    0.    ... 0.103 0.25  0.   ]
 [0.173 0.    0.    ... 0.203 0.25  0.   ]
 ...
 [0.    0.    0.    ... 0.955 0.    0.   ]
 [0.    0.    0.    ... 0.848 0.25  0.   ]
 [0.    0.    0.    ... 0.295 0.    0.   ]]
Final encoded_tweets, after feature selection, shape: (2567, 76)
features chosen shape: (285, 11)
features before normalization: [[ 1.     0.     0.    ...  0.168  0.     0.   ]
 [ 2.     0.     0.    ... -0.511  0.     0.   ]
 [ 0.     0.     0.    ... -0.612  0.     0.   ]
 ...
 [ 1.     0.     0.    ...  0.66   0.     0.   ]
 [ 0.     0.     1.    ...  0.572  0.     0.   ]
 [ 5.     0.     0.    ... -0.637  0.     1.   ]]
features after normalization: [[0.022 0.    0.    ... 0.586 0.    0.   ]
 [0.043 0.    0.    ... 0.239 0.    0.   ]
 [0.    0.    0.    ... 0.187 0.    0.   ]
 ...
 [0.022 0.    0.    ... 0.837 0.    0.   ]
 [0.    0.    0.143 ... 0.792 0.    0.   ]
 [0.109 0.    0.    ... 0.174 0.    0.2  ]]
encoded_tweets before tweets shape: (285, 4645)
before tweets extra_features shape: (285, 11)
before encoded_tweets: [[0. 0. 0. ... 0. 0. 0.]
 [0. 0. 0. ... 0. 0. 0.]
 [0. 0. 0. ... 0. 0. 0.]
 ...
 [0. 0. 0. ... 0. 0. 0.]
 [0. 0. 0. ... 0. 0. 0.]
 [0. 0. 0. ... 0. 0. 0.]]
final encoded_tweets shape: (285, 4656)
final encoded_tweets: [[0.    0.    0.    ... 0.586 0.    0.   ]
 [0.    0.    0.    ... 0.239 0.    0.   ]
 [0.    0.    0.    ... 0.187 0.    0.   ]
 ...
 [0.    0.    0.    ... 0.837 0.    0.   ]
 [0.    0.    0.    ... 0.792 0.    0.   ]
 [0.    0.    0.    ... 0.174 0.    0.2  ]]
Final encoded_tweets, after feature selection, shape: (285, 76)
Evaluating model...
ROC: 0.7613636363636364
Continued Avg: 0.7459908048746986
[[133  32]
 [ 34  86]]
Fold #: 8
features chosen shape: (2567, 11)
features before normalization: [[ 1.     0.     0.    ...  0.168  0.     0.   ]
 [ 2.     0.     0.    ...  0.     0.     0.   ]
 [ 1.     1.     0.    ... -0.776  1.     0.   ]
 ...
 [ 0.     0.     0.    ...  0.     0.     0.   ]
 [ 1.     0.     1.    ... -0.402  0.     0.   ]
 [ 5.     0.     0.    ... -0.637  0.     1.   ]]
features after normalization: [[0.022 0.    0.    ... 0.588 0.    0.   ]
 [0.043 0.    0.    ... 0.503 0.    0.   ]
 [0.022 0.1   0.    ... 0.108 0.2   0.   ]
 ...
 [0.    0.    0.    ... 0.503 0.    0.   ]
 [0.022 0.    0.143 ... 0.298 0.    0.   ]
 [0.109 0.    0.    ... 0.179 0.    0.25 ]]
encoded_tweets before tweets shape: (2567, 4679)
before tweets extra_features shape: (2567, 11)
before encoded_tweets: [[0. 0. 0. ... 0. 0. 0.]
 [0. 0. 0. ... 0. 0. 0.]
 [0. 0. 0. ... 0. 0. 0.]
 ...
 [0. 0. 0. ... 0. 0. 0.]
 [0. 0. 0. ... 0. 0. 0.]
 [0. 0. 0. ... 0. 0. 0.]]
final encoded_tweets shape: (2567, 4690)
final encoded_tweets: [[0.    0.    0.    ... 0.588 0.    0.   ]
 [0.    0.    0.    ... 0.503 0.    0.   ]
 [0.    0.    0.    ... 0.108 0.2   0.   ]
 ...
 [0.    0.    0.    ... 0.503 0.    0.   ]
 [0.    0.    0.    ... 0.298 0.    0.   ]
 [0.    0.    0.    ... 0.179 0.    0.25 ]]
Final encoded_tweets, after feature selection, shape: (2567, 75)
features chosen shape: (285, 11)
features before normalization: [[1.    0.    0.    ... 0.    1.    0.   ]
 [0.    0.    0.    ... 0.    0.    0.   ]
 [0.    0.    0.    ... 0.    0.    0.   ]
 ...
 [0.    0.    0.    ... 0.    0.    0.   ]
 [0.    0.    1.    ... 0.89  0.    0.   ]
 [0.    0.    0.    ... 0.681 1.    0.   ]]
features after normalization: [[0.022 0.    0.    ... 0.503 0.2   0.   ]
 [0.    0.    0.    ... 0.503 0.    0.   ]
 [0.    0.    0.    ... 0.503 0.    0.   ]
 ...
 [0.    0.    0.    ... 0.503 0.    0.   ]
 [0.    0.    0.143 ... 0.955 0.    0.   ]
 [0.    0.    0.    ... 0.849 0.2   0.   ]]
encoded_tweets before tweets shape: (285, 4679)
before tweets extra_features shape: (285, 11)
before encoded_tweets: [[0. 0. 0. ... 0. 0. 0.]
 [0. 0. 0. ... 0. 0. 0.]
 [0. 0. 0. ... 0. 0. 0.]
 ...
 [0. 0. 0. ... 0. 0. 0.]
 [0. 0. 0. ... 0. 0. 0.]
 [0. 0. 0. ... 0. 0. 0.]]
final encoded_tweets shape: (285, 4690)
final encoded_tweets: [[0.    0.    0.    ... 0.503 0.2   0.   ]
 [0.    0.    0.    ... 0.503 0.    0.   ]
 [0.    0.    0.    ... 0.503 0.    0.   ]
 ...
 [0.    0.    0.    ... 0.503 0.    0.   ]
 [0.    0.    0.    ... 0.955 0.    0.   ]
 [0.    0.    0.    ... 0.849 0.2   0.   ]]
Final encoded_tweets, after feature selection, shape: (285, 75)
Evaluating model...
ROC: 0.740153452685422
Continued Avg: 0.745261135851039
[[126  44]
 [ 30  85]]
Fold #: 9
features chosen shape: (2567, 11)
features before normalization: [[ 1.     0.     0.    ...  0.168  0.     0.   ]
 [ 2.     0.     0.    ...  0.     0.     0.   ]
 [ 1.     1.     0.    ... -0.776  1.     0.   ]
 ...
 [ 0.     0.     0.    ...  0.681  1.     0.   ]
 [ 1.     0.     1.    ... -0.402  0.     0.   ]
 [ 5.     0.     0.    ... -0.637  0.     1.   ]]
features after normalization: [[0.022 0.    0.    ... 0.588 0.    0.   ]
 [0.043 0.    0.    ... 0.503 0.    0.   ]
 [0.022 0.1   0.    ... 0.108 0.2   0.   ]
 ...
 [0.    0.    0.    ... 0.849 0.2   0.   ]
 [0.022 0.    0.143 ... 0.298 0.    0.   ]
 [0.109 0.    0.    ... 0.179 0.    0.2  ]]
encoded_tweets before tweets shape: (2567, 4683)
before tweets extra_features shape: (2567, 11)
before encoded_tweets: [[0. 0. 0. ... 0. 0. 0.]
 [0. 0. 0. ... 0. 0. 0.]
 [0. 0. 0. ... 0. 0. 0.]
 ...
 [0. 0. 0. ... 0. 0. 0.]
 [0. 0. 0. ... 0. 0. 0.]
 [0. 0. 0. ... 0. 0. 0.]]
final encoded_tweets shape: (2567, 4694)
final encoded_tweets: [[0.    0.    0.    ... 0.588 0.    0.   ]
 [0.    0.    0.    ... 0.503 0.    0.   ]
 [0.    0.    0.    ... 0.108 0.2   0.   ]
 ...
 [0.    0.    0.    ... 0.849 0.2   0.   ]
 [0.    0.    0.    ... 0.298 0.    0.   ]
 [0.    0.    0.    ... 0.179 0.    0.2  ]]
Final encoded_tweets, after feature selection, shape: (2567, 72)
features chosen shape: (285, 11)
features before normalization: [[ 1.     0.     0.    ... -0.582  1.     0.   ]
 [ 2.     0.     0.    ... -0.433  0.     0.   ]
 [ 5.     0.     0.    ... -0.883  0.     2.   ]
 ...
 [ 0.     0.     1.    ...  0.84   1.     0.   ]
 [ 1.     0.     0.    ...  0.     0.     0.   ]
 [ 0.     0.     0.    ... -0.202  0.     1.   ]]
features after normalization: [[0.022 0.    0.    ... 0.207 0.2   0.   ]
 [0.043 0.    0.    ... 0.282 0.    0.   ]
 [0.109 0.    0.    ... 0.053 0.    0.4  ]
 ...
 [0.    0.    0.143 ... 0.93  0.2   0.   ]
 [0.022 0.    0.    ... 0.503 0.    0.   ]
 [0.    0.    0.    ... 0.4   0.    0.2  ]]
encoded_tweets before tweets shape: (285, 4683)
before tweets extra_features shape: (285, 11)
before encoded_tweets: [[0.184 0.    0.    ... 0.    0.    0.   ]
 [0.    0.    0.    ... 0.    0.    0.   ]
 [0.    0.    0.    ... 0.    0.    0.   ]
 ...
 [0.    0.    0.    ... 0.    0.    0.   ]
 [0.    0.    0.    ... 0.    0.    0.   ]
 [0.    0.    0.    ... 0.    0.    0.   ]]
final encoded_tweets shape: (285, 4694)
final encoded_tweets: [[0.184 0.    0.    ... 0.207 0.2   0.   ]
 [0.    0.    0.    ... 0.282 0.    0.   ]
 [0.    0.    0.    ... 0.053 0.    0.4  ]
 ...
 [0.    0.    0.    ... 0.93  0.2   0.   ]
 [0.    0.    0.    ... 0.503 0.    0.   ]
 [0.    0.    0.    ... 0.4   0.    0.2  ]]
Final encoded_tweets, after feature selection, shape: (285, 72)
Evaluating model...
ROC: 0.7758458646616542
Continued Avg: 0.7486594390522185
[[125  27]
 [ 36  97]]
Fold #: 10
features chosen shape: (2567, 11)
features before normalization: [[ 1.     0.     0.    ...  0.168  0.     0.   ]
 [ 2.     0.     0.    ...  0.     0.     0.   ]
 [ 1.     1.     0.    ... -0.776  1.     0.   ]
 ...
 [ 0.     0.     0.    ...  0.681  1.     0.   ]
 [ 1.     0.     1.    ... -0.402  0.     0.   ]
 [ 5.     0.     0.    ... -0.637  0.     1.   ]]
features after normalization: [[0.022 0.    0.    ... 0.588 0.    0.   ]
 [0.043 0.    0.    ... 0.503 0.    0.   ]
 [0.022 0.1   0.    ... 0.108 0.2   0.   ]
 ...
 [0.    0.    0.    ... 0.849 0.2   0.   ]
 [0.022 0.    0.143 ... 0.298 0.    0.   ]
 [0.109 0.    0.    ... 0.179 0.    0.2  ]]
encoded_tweets before tweets shape: (2567, 4701)
before tweets extra_features shape: (2567, 11)
before encoded_tweets: [[0. 0. 0. ... 0. 0. 0.]
 [0. 0. 0. ... 0. 0. 0.]
 [0. 0. 0. ... 0. 0. 0.]
 ...
 [0. 0. 0. ... 0. 0. 0.]
 [0. 0. 0. ... 0. 0. 0.]
 [0. 0. 0. ... 0. 0. 0.]]
final encoded_tweets shape: (2567, 4712)
final encoded_tweets: [[0.    0.    0.    ... 0.588 0.    0.   ]
 [0.    0.    0.    ... 0.503 0.    0.   ]
 [0.    0.    0.    ... 0.108 0.2   0.   ]
 ...
 [0.    0.    0.    ... 0.849 0.2   0.   ]
 [0.    0.    0.    ... 0.298 0.    0.   ]
 [0.    0.    0.    ... 0.179 0.    0.2  ]]
Final encoded_tweets, after feature selection, shape: (2567, 82)
features chosen shape: (285, 11)
features before normalization: [[ 4.     0.     0.    ... -0.71   0.     0.   ]
 [ 0.     0.     0.    ...  0.361  0.     0.   ]
 [ 0.     0.     0.    ... -0.706  0.     0.   ]
 ...
 [ 0.     0.     0.    ... -0.718  0.     0.   ]
 [ 0.     0.     0.    ... -0.599  0.     1.   ]
 [ 5.     1.     0.    ...  0.234  0.     0.   ]]
features after normalization: [[0.087 0.    0.    ... 0.142 0.    0.   ]
 [0.    0.    0.    ... 0.686 0.    0.   ]
 [0.    0.    0.    ... 0.144 0.    0.   ]
 ...
 [0.    0.    0.    ... 0.137 0.    0.   ]
 [0.    0.    0.    ... 0.198 0.    0.2  ]
 [0.109 0.1   0.    ... 0.621 0.    0.   ]]
encoded_tweets before tweets shape: (285, 4701)
before tweets extra_features shape: (285, 11)
before encoded_tweets: [[0. 0. 0. ... 0. 0. 0.]
 [0. 0. 0. ... 0. 0. 0.]
 [0. 0. 0. ... 0. 0. 0.]
 ...
 [0. 0. 0. ... 0. 0. 0.]
 [0. 0. 0. ... 0. 0. 0.]
 [0. 0. 0. ... 0. 0. 0.]]
final encoded_tweets shape: (285, 4712)
final encoded_tweets: [[0.    0.    0.    ... 0.142 0.    0.   ]
 [0.    0.    0.    ... 0.686 0.    0.   ]
 [0.    0.    0.    ... 0.144 0.    0.   ]
 ...
 [0.    0.    0.    ... 0.137 0.    0.   ]
 [0.    0.    0.    ... 0.198 0.    0.2  ]
 [0.    0.    0.    ... 0.621 0.    0.   ]]
Final encoded_tweets, after feature selection, shape: (285, 82)
Evaluating model...
ROC: 0.7451851851851852
Continued Avg: 0.7483120136655153
[[118  32]
 [ 40  95]]
Average Precision: 0.7109457418834125
Average Accuracy: 0.7514084161452582
Average Recall: 0.7195848316281029
Average F1-score: 0.7141156450940654
Average ROC:0.7483120136655153
