Fold #: 1
features chosen shape: (2566, 11)
features before normalization: [[ 1.     0.     0.    ...  0.168  0.     0.   ]
 [ 2.     0.     0.    ...  0.     0.     0.   ]
 [ 1.     1.     0.    ... -0.776  1.     0.   ]
 ...
 [ 0.     0.     0.    ...  0.681  1.     0.   ]
 [ 1.     0.     1.    ... -0.402  0.     0.   ]
 [ 5.     0.     0.    ... -0.637  0.     1.   ]]
features after normalization: [[0.022 0.    0.    ... 0.588 0.    0.   ]
 [0.043 0.    0.    ... 0.503 0.    0.   ]
 [0.022 0.1   0.    ... 0.108 0.2   0.   ]
 ...
 [0.    0.    0.    ... 0.849 0.2   0.   ]
 [0.022 0.    0.143 ... 0.298 0.    0.   ]
 [0.109 0.    0.    ... 0.179 0.    0.2  ]]
encoded_tweets before tweets shape: (2566, 4680)
before tweets extra_features shape: (2566, 11)
before encoded_tweets: [[0. 0. 0. ... 0. 0. 0.]
 [0. 0. 0. ... 0. 0. 0.]
 [0. 0. 0. ... 0. 0. 0.]
 ...
 [0. 0. 0. ... 0. 0. 0.]
 [0. 0. 0. ... 0. 0. 0.]
 [0. 0. 0. ... 0. 0. 0.]]
final encoded_tweets shape: (2566, 4691)
final encoded_tweets: [[0.    0.    0.    ... 0.588 0.    0.   ]
 [0.    0.    0.    ... 0.503 0.    0.   ]
 [0.    0.    0.    ... 0.108 0.2   0.   ]
 ...
 [0.    0.    0.    ... 0.849 0.2   0.   ]
 [0.    0.    0.    ... 0.298 0.    0.   ]
 [0.    0.    0.    ... 0.179 0.    0.2  ]]
