Fold #: 1
features chosen shape: (2566, 11)
features before normalization: [[ 1.     0.     0.    ...  0.168  0.     0.   ]
 [ 2.     0.     0.    ...  0.     0.     0.   ]
 [ 1.     1.     0.    ... -0.776  1.     0.   ]
 ...
 [ 0.     0.     0.    ...  0.681  1.     0.   ]
 [ 1.     0.     1.    ... -0.402  0.     0.   ]
 [ 5.     0.     0.    ... -0.637  0.     1.   ]]
features after normalization: [[0.022 0.    0.    ... 0.588 0.    0.   ]
 [0.043 0.    0.    ... 0.503 0.    0.   ]
 [0.022 0.1   0.    ... 0.108 0.2   0.   ]
 ...
 [0.    0.    0.    ... 0.849 0.2   0.   ]
 [0.022 0.    0.143 ... 0.298 0.    0.   ]
 [0.109 0.    0.    ... 0.179 0.    0.2  ]]
encoded_tweets before tweets shape: (2566, 100)
before tweets extra_features shape: (2566, 11)
before encoded_tweets: [[ 0.757  0.599  0.031 ... -0.218 -0.571 -0.069]
 [ 1.594  0.451 -0.355 ... -1.405 -1.495 -0.882]
 [-0.72   0.497  0.737 ...  0.564  0.195  0.522]
 ...
 [ 0.073 -1.563 -1.255 ... -0.288 -0.015 -0.567]
 [ 0.9   -0.421  0.349 ... -1.201 -1.146 -0.954]
 [ 2.081 -0.186 -0.377 ... -2.037 -2.109 -1.371]]
final encoded_tweets shape: (2566, 111)
final encoded_tweets: [[ 0.757  0.599  0.031 ...  0.588  0.     0.   ]
 [ 1.594  0.451 -0.355 ...  0.503  0.     0.   ]
 [-0.72   0.497  0.737 ...  0.108  0.2    0.   ]
 ...
 [ 0.073 -1.563 -1.255 ...  0.849  0.2    0.   ]
 [ 0.9   -0.421  0.349 ...  0.298  0.     0.   ]
 [ 2.081 -0.186 -0.377 ...  0.179  0.     0.2  ]]
Final encoded_tweets, after feature selection, shape: (2566, 111)
features chosen shape: (286, 11)
features before normalization: [[ 0.     2.     0.    ...  0.647  0.     0.   ]
 [ 0.     0.     0.    ... -0.36   0.     1.   ]
 [ 0.     0.     0.    ... -0.414  2.     0.   ]
 ...
 [ 4.     0.     0.    ...  0.361  0.     0.   ]
 [ 1.     0.     0.    ...  0.     0.     0.   ]
 [ 1.     0.     0.    ...  0.574  0.     0.   ]]
features after normalization: [[0.    0.2   0.    ... 0.831 0.    0.   ]
 [0.    0.    0.    ... 0.32  0.    0.2  ]
 [0.    0.    0.    ... 0.292 0.4   0.   ]
 ...
 [0.087 0.    0.    ... 0.686 0.    0.   ]
 [0.022 0.    0.    ... 0.503 0.    0.   ]
 [0.022 0.    0.    ... 0.794 0.    0.   ]]
encoded_tweets before tweets shape: (286, 100)
before tweets extra_features shape: (286, 11)
before encoded_tweets: [[-0.433 -0.64  -0.389 ...  0.546  0.688 -0.203]
 [-0.148 -0.093 -0.187 ...  0.539  0.294 -0.132]
 [-0.278  0.63  -0.211 ...  0.523  0.539  0.037]
 ...
 [-1.033  2.028  2.92  ... -0.006 -0.282  1.729]
 [-0.016 -0.604 -0.448 ...  0.277  0.358 -0.481]
 [-1.098  1.749  2.179 ...  0.496  0.352  1.668]]
final encoded_tweets shape: (286, 111)
final encoded_tweets: [[-0.433 -0.64  -0.389 ...  0.831  0.     0.   ]
 [-0.148 -0.093 -0.187 ...  0.32   0.     0.2  ]
 [-0.278  0.63  -0.211 ...  0.292  0.4    0.   ]
 ...
 [-1.033  2.028  2.92  ...  0.686  0.     0.   ]
 [-0.016 -0.604 -0.448 ...  0.503  0.     0.   ]
 [-1.098  1.749  2.179 ...  0.794  0.     0.   ]]
Final encoded_tweets, after feature selection, shape: (286, 111)
Evaluating model...
ROC: 0.7794495043526394
Continued Avg: 0.7794495043526394
[[120  47]
 [ 19 100]]
Fold #: 2
features chosen shape: (2566, 11)
features before normalization: [[ 1.     0.     0.    ...  0.168  0.     0.   ]
 [ 1.     1.     0.    ... -0.776  1.     0.   ]
 [ 1.     0.     0.    ... -0.582  1.     0.   ]
 ...
 [ 0.     0.     0.    ...  0.681  1.     0.   ]
 [ 1.     0.     1.    ... -0.402  0.     0.   ]
 [ 5.     0.     0.    ... -0.637  0.     1.   ]]
features after normalization: [[0.022 0.    0.    ... 0.591 0.    0.   ]
 [0.022 0.1   0.    ... 0.108 0.2   0.   ]
 [0.022 0.    0.    ... 0.208 0.2   0.   ]
 ...
 [0.    0.    0.    ... 0.852 0.2   0.   ]
 [0.022 0.    0.143 ... 0.3   0.    0.   ]
 [0.109 0.    0.    ... 0.179 0.    0.2  ]]
encoded_tweets before tweets shape: (2566, 100)
before tweets extra_features shape: (2566, 11)
before encoded_tweets: [[ 0.369  0.435 -0.049 ... -0.403 -0.632 -0.2  ]
 [-0.924  0.397  0.529 ...  0.711  0.275  0.941]
 [-0.054  0.167 -0.357 ...  0.33   0.208 -0.205]
 ...
 [ 0.875 -1.688 -1.381 ... -0.172  0.387 -1.009]
 [ 0.737 -0.89   0.335 ... -1.18  -1.049 -0.274]
 [ 1.532 -1.113  0.097 ... -2.392 -2.435 -0.794]]
final encoded_tweets shape: (2566, 111)
final encoded_tweets: [[ 0.369  0.435 -0.049 ...  0.591  0.     0.   ]
 [-0.924  0.397  0.529 ...  0.108  0.2    0.   ]
 [-0.054  0.167 -0.357 ...  0.208  0.2    0.   ]
 ...
 [ 0.875 -1.688 -1.381 ...  0.852  0.2    0.   ]
 [ 0.737 -0.89   0.335 ...  0.3    0.     0.   ]
 [ 1.532 -1.113  0.097 ...  0.179  0.     0.2  ]]
Final encoded_tweets, after feature selection, shape: (2566, 111)
features chosen shape: (286, 11)
features before normalization: [[ 2.     0.     0.    ...  0.     0.     0.   ]
 [ 0.     1.     1.    ... -0.316  0.     0.   ]
 [ 0.     2.     1.    ...  0.54   0.     0.   ]
 ...
 [ 1.     0.     0.    ... -0.612  0.     1.   ]
 [ 1.     0.     0.    ... -0.527  1.     0.   ]
 [ 0.     1.     0.    ...  0.341  1.     0.   ]]
features after normalization: [[0.043 0.    0.    ... 0.505 0.    0.   ]
 [0.    0.1   0.143 ... 0.343 0.    0.   ]
 [0.    0.2   0.143 ... 0.78  0.    0.   ]
 ...
 [0.022 0.    0.    ... 0.193 0.    0.2  ]
 [0.022 0.    0.    ... 0.236 0.2   0.   ]
 [0.    0.1   0.    ... 0.679 0.2   0.   ]]
encoded_tweets before tweets shape: (286, 100)
before tweets extra_features shape: (286, 11)
before encoded_tweets: [[ 0.34  -0.04   0.292 ... -1.173 -1.503  0.045]
 [-3.575  2.622  2.455 ...  2.543  1.779  3.307]
 [ 0.42  -0.818 -0.642 ...  0.076  0.614 -0.627]
 ...
 [-0.374  0.895  0.877 ...  0.024 -0.593  0.373]
 [ 0.021  0.85  -1.19  ...  0.555 -0.252  0.085]
 [ 0.646 -0.248 -0.485 ... -0.266 -0.066 -0.43 ]]
final encoded_tweets shape: (286, 111)
final encoded_tweets: [[ 0.34  -0.04   0.292 ...  0.505  0.     0.   ]
 [-3.575  2.622  2.455 ...  0.343  0.     0.   ]
 [ 0.42  -0.818 -0.642 ...  0.78   0.     0.   ]
 ...
 [-0.374  0.895  0.877 ...  0.193  0.     0.2  ]
 [ 0.021  0.85  -1.19  ...  0.236  0.2    0.   ]
 [ 0.646 -0.248 -0.485 ...  0.679  0.2    0.   ]]
Final encoded_tweets, after feature selection, shape: (286, 111)
Evaluating model...
ROC: 0.744013232607515
Continued Avg: 0.7617313684800772
[[118  39]
 [ 34  95]]
Fold #: 3
features chosen shape: (2567, 11)
features before normalization: [[ 1.     0.     0.    ...  0.168  0.     0.   ]
 [ 2.     0.     0.    ...  0.     0.     0.   ]
 [ 1.     0.     0.    ... -0.582  1.     0.   ]
 ...
 [ 0.     0.     1.    ...  0.89   0.     0.   ]
 [ 0.     0.     0.    ...  0.681  1.     0.   ]
 [ 5.     0.     0.    ... -0.637  0.     1.   ]]
features after normalization: [[0.037 0.    0.    ... 0.588 0.    0.   ]
 [0.074 0.    0.    ... 0.503 0.    0.   ]
 [0.037 0.    0.    ... 0.207 0.2   0.   ]
 ...
 [0.    0.    0.143 ... 0.955 0.    0.   ]
 [0.    0.    0.    ... 0.849 0.2   0.   ]
 [0.185 0.    0.    ... 0.179 0.    0.2  ]]
encoded_tweets before tweets shape: (2567, 100)
before tweets extra_features shape: (2567, 11)
before encoded_tweets: [[ 0.469  0.827  0.264 ... -0.342 -0.68   0.422]
 [ 0.133  0.337  0.555 ... -1.348 -1.753  0.61 ]
 [ 0.362  0.454 -0.559 ...  0.392  0.239 -0.119]
 ...
 [ 0.914 -0.409 -0.901 ...  0.15   0.778 -1.661]
 [ 1.002 -0.577 -1.549 ... -0.217  0.569 -1.919]
 [ 0.881  0.127  0.661 ... -2.008 -2.023 -0.344]]
final encoded_tweets shape: (2567, 111)
final encoded_tweets: [[ 0.469  0.827  0.264 ...  0.588  0.     0.   ]
 [ 0.133  0.337  0.555 ...  0.503  0.     0.   ]
 [ 0.362  0.454 -0.559 ...  0.207  0.2    0.   ]
 ...
 [ 0.914 -0.409 -0.901 ...  0.955  0.     0.   ]
 [ 1.002 -0.577 -1.549 ...  0.849  0.2    0.   ]
 [ 0.881  0.127  0.661 ...  0.179  0.     0.2  ]]
Final encoded_tweets, after feature selection, shape: (2567, 111)
features chosen shape: (285, 11)
features before normalization: [[ 1.     1.     0.    ... -0.776  1.     0.   ]
 [ 5.     0.     0.    ... -0.735  0.     1.   ]
 [ 1.     0.     0.    ...  0.765  1.     0.   ]
 ...
 [ 0.     1.     0.    ...  0.38   0.     0.   ]
 [ 0.     0.     0.    ...  0.     0.     0.   ]
 [ 1.     0.     1.    ... -0.402  0.     0.   ]]
features after normalization: [[0.037 0.1   0.    ... 0.108 0.2   0.   ]
 [0.185 0.    0.    ... 0.129 0.    0.2  ]
 [0.037 0.    0.    ... 0.891 0.2   0.   ]
 ...
 [0.    0.1   0.    ... 0.696 0.    0.   ]
 [0.    0.    0.    ... 0.503 0.    0.   ]
 [0.037 0.    0.143 ... 0.298 0.    0.   ]]
encoded_tweets before tweets shape: (285, 100)
before tweets extra_features shape: (285, 11)
before encoded_tweets: [[-1.13  -1.064  0.772 ...  0.152 -0.421  0.67 ]
 [-1.    -0.964  0.837 ...  0.058  0.104  0.292]
 [ 0.332 -1.129 -0.242 ... -0.187  0.219 -1.024]
 ...
 [ 0.581 -0.408 -1.015 ...  0.21   0.567 -1.032]
 [ 0.546  0.119 -0.787 ...  0.626  0.467 -0.201]
 [ 1.321  0.29   1.392 ... -3.731 -3.354 -0.864]]
final encoded_tweets shape: (285, 111)
final encoded_tweets: [[-1.13  -1.064  0.772 ...  0.108  0.2    0.   ]
 [-1.    -0.964  0.837 ...  0.129  0.     0.2  ]
 [ 0.332 -1.129 -0.242 ...  0.891  0.2    0.   ]
 ...
 [ 0.581 -0.408 -1.015 ...  0.696  0.     0.   ]
 [ 0.546  0.119 -0.787 ...  0.503  0.     0.   ]
 [ 1.321  0.29   1.392 ...  0.298  0.     0.   ]]
Final encoded_tweets, after feature selection, shape: (285, 111)
Evaluating model...
ROC: 0.765064935064935
Continued Avg: 0.7628425573416964
[[123  52]
 [ 19  91]]
Fold #: 4
features chosen shape: (2567, 11)
features before normalization: [[ 1.     0.     0.    ...  0.168  0.     0.   ]
 [ 2.     0.     0.    ...  0.     0.     0.   ]
 [ 1.     1.     0.    ... -0.776  1.     0.   ]
 ...
 [ 0.     0.     0.    ...  0.681  1.     0.   ]
 [ 1.     0.     1.    ... -0.402  0.     0.   ]
 [ 5.     0.     0.    ... -0.637  0.     1.   ]]
features after normalization: [[0.022 0.    0.    ... 0.588 0.    0.   ]
 [0.043 0.    0.    ... 0.503 0.    0.   ]
 [0.022 0.1   0.    ... 0.108 0.2   0.   ]
 ...
 [0.    0.    0.    ... 0.849 0.2   0.   ]
 [0.022 0.    0.143 ... 0.298 0.    0.   ]
 [0.109 0.    0.    ... 0.179 0.    0.2  ]]
encoded_tweets before tweets shape: (2567, 100)
before tweets extra_features shape: (2567, 11)
before encoded_tweets: [[ 0.383  0.315  0.361 ... -0.341 -0.678  0.067]
 [ 0.323 -0.91   0.638 ... -1.495 -1.613 -0.339]
 [-1.071 -0.886  0.827 ...  0.235 -0.237  0.864]
 ...
 [ 0.951 -0.657 -1.655 ... -0.25   0.287 -1.533]
 [ 1.653 -2.209  1.676 ... -3.517 -3.27  -1.273]
 [ 1.206 -1.228  0.692 ... -1.995 -1.957 -0.951]]
final encoded_tweets shape: (2567, 111)
final encoded_tweets: [[ 0.383  0.315  0.361 ...  0.588  0.     0.   ]
 [ 0.323 -0.91   0.638 ...  0.503  0.     0.   ]
 [-1.071 -0.886  0.827 ...  0.108  0.2    0.   ]
 ...
 [ 0.951 -0.657 -1.655 ...  0.849  0.2    0.   ]
 [ 1.653 -2.209  1.676 ...  0.298  0.     0.   ]
 [ 1.206 -1.228  0.692 ...  0.179  0.     0.2  ]]
Final encoded_tweets, after feature selection, shape: (2567, 111)
features chosen shape: (285, 11)
features before normalization: [[ 1.     1.     0.    ...  0.944  0.     0.   ]
 [ 0.     0.     0.    ...  0.361  0.     0.   ]
 [ 4.     0.     0.    ... -0.89   0.     1.   ]
 ...
 [ 0.     0.     0.    ... -0.836  0.     1.   ]
 [ 3.     0.     0.    ... -0.755  0.     2.   ]
 [ 2.     2.     0.    ... -0.433  0.     1.   ]]
features after normalization: [[0.022 0.1   0.    ... 0.982 0.    0.   ]
 [0.    0.    0.    ... 0.686 0.    0.   ]
 [0.087 0.    0.    ... 0.05  0.    0.2  ]
 ...
 [0.    0.    0.    ... 0.078 0.    0.2  ]
 [0.065 0.    0.    ... 0.119 0.    0.4  ]
 [0.043 0.2   0.    ... 0.282 0.    0.2  ]]
encoded_tweets before tweets shape: (285, 100)
before tweets extra_features shape: (285, 11)
before encoded_tweets: [[ 0.389 -0.925 -0.862 ...  0.122  0.466 -0.817]
 [ 0.877 -0.652 -1.511 ...  0.066  0.65  -1.573]
 [-0.078 -0.304  0.606 ... -0.613 -0.738  0.117]
 ...
 [-0.269  0.624 -1.119 ...  1.291  1.064  0.046]
 [-0.179  1.525 -0.75  ...  1.058  0.508 -0.058]
 [ 0.488  0.157 -0.066 ... -0.291 -0.301 -0.436]]
final encoded_tweets shape: (285, 111)
final encoded_tweets: [[ 0.389 -0.925 -0.862 ...  0.982  0.     0.   ]
 [ 0.877 -0.652 -1.511 ...  0.686  0.     0.   ]
 [-0.078 -0.304  0.606 ...  0.05   0.     0.2  ]
 ...
 [-0.269  0.624 -1.119 ...  0.078  0.     0.2  ]
 [-0.179  1.525 -0.75  ...  0.119  0.     0.4  ]
 [ 0.488  0.157 -0.066 ...  0.282  0.     0.2  ]]
Final encoded_tweets, after feature selection, shape: (285, 111)
Evaluating model...
ROC: 0.7789757412398922
Continued Avg: 0.7668758533162453
[[119  40]
 [ 24 102]]
Fold #: 5
features chosen shape: (2567, 11)
features before normalization: [[ 1.     0.     0.    ...  0.168  0.     0.   ]
 [ 2.     0.     0.    ...  0.     0.     0.   ]
 [ 1.     1.     0.    ... -0.776  1.     0.   ]
 ...
 [ 0.     0.     0.    ...  0.681  1.     0.   ]
 [ 1.     0.     1.    ... -0.402  0.     0.   ]
 [ 5.     0.     0.    ... -0.637  0.     1.   ]]
features after normalization: [[0.022 0.    0.    ... 0.588 0.    0.   ]
 [0.043 0.    0.    ... 0.503 0.    0.   ]
 [0.022 0.1   0.    ... 0.108 0.2   0.   ]
 ...
 [0.    0.    0.    ... 0.849 0.2   0.   ]
 [0.022 0.    0.143 ... 0.298 0.    0.   ]
 [0.109 0.    0.    ... 0.179 0.    0.2  ]]
encoded_tweets before tweets shape: (2567, 100)
before tweets extra_features shape: (2567, 11)
before encoded_tweets: [[ 0.221 -0.525  0.067 ... -0.346 -0.756 -0.681]
 [ 0.9   -1.423  0.196 ... -1.604 -1.804 -0.821]
 [-0.553  0.361  1.132 ... -0.052 -0.354  0.423]
 ...
 [ 0.769 -0.326 -1.47  ... -0.185  0.561 -0.031]
 [ 0.792 -0.646  0.331 ... -1.194 -0.793 -0.612]
 [ 1.71  -2.088 -0.08  ... -2.359 -2.316 -1.394]]
final encoded_tweets shape: (2567, 111)
final encoded_tweets: [[ 0.221 -0.525  0.067 ...  0.588  0.     0.   ]
 [ 0.9   -1.423  0.196 ...  0.503  0.     0.   ]
 [-0.553  0.361  1.132 ...  0.108  0.2    0.   ]
 ...
 [ 0.769 -0.326 -1.47  ...  0.849  0.2    0.   ]
 [ 0.792 -0.646  0.331 ...  0.298  0.     0.   ]
 [ 1.71  -2.088 -0.08  ...  0.179  0.     0.2  ]]
Final encoded_tweets, after feature selection, shape: (2567, 111)
features chosen shape: (285, 11)
features before normalization: [[ 0.     0.     0.    ...  0.169  0.     2.   ]
 [ 1.     2.     0.    ...  0.82   0.     0.   ]
 [ 0.     0.     0.    ...  0.     0.     0.   ]
 ...
 [ 0.     0.     0.    ...  0.     0.     0.   ]
 [ 0.     0.     0.    ...  0.     0.     0.   ]
 [ 3.     4.     0.    ... -0.625  0.     0.   ]]
features after normalization: [[0.    0.    0.    ... 0.588 0.    0.4  ]
 [0.022 0.2   0.    ... 0.919 0.    0.   ]
 [0.    0.    0.    ... 0.503 0.    0.   ]
 ...
 [0.    0.    0.    ... 0.503 0.    0.   ]
 [0.    0.    0.    ... 0.503 0.    0.   ]
 [0.065 0.4   0.    ... 0.185 0.    0.   ]]
encoded_tweets before tweets shape: (285, 100)
before tweets extra_features shape: (285, 11)
before encoded_tweets: [[-0.46   0.841  0.116 ...  0.902  0.902  0.418]
 [ 0.652 -0.517 -0.769 ... -0.039  0.152 -0.801]
 [ 0.783  0.5   -1.574 ...  1.017  1.19  -1.701]
 ...
 [-0.157  0.787 -0.894 ...  0.805  1.372  0.745]
 [ 0.446 -0.881  0.561 ... -0.865 -1.469 -0.965]
 [ 0.792 -0.941 -0.514 ... -0.867 -0.791 -0.627]]
final encoded_tweets shape: (285, 111)
final encoded_tweets: [[-0.46   0.841  0.116 ...  0.588  0.     0.4  ]
 [ 0.652 -0.517 -0.769 ...  0.919  0.     0.   ]
 [ 0.783  0.5   -1.574 ...  0.503  0.     0.   ]
 ...
 [-0.157  0.787 -0.894 ...  0.503  0.     0.   ]
 [ 0.446 -0.881  0.561 ...  0.503  0.     0.   ]
 [ 0.792 -0.941 -0.514 ...  0.185  0.     0.   ]]
Final encoded_tweets, after feature selection, shape: (285, 111)
Evaluating model...
ROC: 0.72825
Continued Avg: 0.7591506826529962
[[114  46]
 [ 32  93]]
Fold #: 6
features chosen shape: (2567, 11)
features before normalization: [[ 1.     0.     0.    ...  0.168  0.     0.   ]
 [ 2.     0.     0.    ...  0.     0.     0.   ]
 [ 1.     1.     0.    ... -0.776  1.     0.   ]
 ...
 [ 0.     0.     0.    ...  0.681  1.     0.   ]
 [ 1.     0.     1.    ... -0.402  0.     0.   ]
 [ 5.     0.     0.    ... -0.637  0.     1.   ]]
features after normalization: [[0.022 0.    0.    ... 0.588 0.    0.   ]
 [0.043 0.    0.    ... 0.503 0.    0.   ]
 [0.022 0.1   0.    ... 0.108 0.2   0.   ]
 ...
 [0.    0.    0.    ... 0.849 0.2   0.   ]
 [0.022 0.    0.143 ... 0.298 0.    0.   ]
 [0.109 0.    0.    ... 0.179 0.    0.2  ]]
encoded_tweets before tweets shape: (2567, 100)
before tweets extra_features shape: (2567, 11)
before encoded_tweets: [[ 0.532  0.621  0.538 ... -0.087 -0.805 -0.334]
 [ 0.482  0.511  0.91  ... -0.784 -1.809 -0.624]
 [-1.003  0.844  1.041 ...  0.715 -0.712  0.418]
 ...
 [ 0.987 -2.246 -1.902 ... -1.225  0.8   -0.875]
 [ 0.434 -0.665  0.358 ... -1.079 -0.705 -0.642]
 [ 1.343 -0.486  0.739 ... -1.995 -2.217 -1.49 ]]
final encoded_tweets shape: (2567, 111)
final encoded_tweets: [[ 0.532  0.621  0.538 ...  0.588  0.     0.   ]
 [ 0.482  0.511  0.91  ...  0.503  0.     0.   ]
 [-1.003  0.844  1.041 ...  0.108  0.2    0.   ]
 ...
 [ 0.987 -2.246 -1.902 ...  0.849  0.2    0.   ]
 [ 0.434 -0.665  0.358 ...  0.298  0.     0.   ]
 [ 1.343 -0.486  0.739 ...  0.179  0.     0.2  ]]
Final encoded_tweets, after feature selection, shape: (2567, 111)
features chosen shape: (285, 11)
features before normalization: [[ 0.     0.     0.    ...  0.586  0.     0.   ]
 [ 2.     0.     0.    ...  0.137  0.     0.   ]
 [ 0.     0.     0.    ... -0.844  0.     2.   ]
 ...
 [ 0.     0.     0.    ... -0.052  0.     0.   ]
 [ 1.     0.     0.    ...  0.459  0.     0.   ]
 [ 1.     1.     0.    ... -0.611  0.     1.   ]]
features after normalization: [[0.    0.    0.    ... 0.8   0.    0.   ]
 [0.043 0.    0.    ... 0.572 0.    0.   ]
 [0.    0.    0.    ... 0.073 0.    0.4  ]
 ...
 [0.    0.    0.    ... 0.476 0.    0.   ]
 [0.022 0.    0.    ... 0.736 0.    0.   ]
 [0.022 0.1   0.    ... 0.192 0.    0.2  ]]
encoded_tweets before tweets shape: (285, 100)
before tweets extra_features shape: (285, 11)
before encoded_tweets: [[ 0.009  0.092 -0.324 ...  0.456  0.694  0.021]
 [-0.516  0.349 -0.062 ...  0.506  0.423  0.474]
 [-0.385  0.569 -0.018 ...  0.622  0.401  0.579]
 ...
 [ 0.056 -0.033 -0.275 ...  0.064  0.205 -0.19 ]
 [ 0.586 -1.091 -1.099 ... -0.854  0.019 -0.836]
 [ 0.443  0.903  1.565 ... -0.723 -1.926 -0.469]]
final encoded_tweets shape: (285, 111)
final encoded_tweets: [[ 0.009  0.092 -0.324 ...  0.8    0.     0.   ]
 [-0.516  0.349 -0.062 ...  0.572  0.     0.   ]
 [-0.385  0.569 -0.018 ...  0.073  0.     0.4  ]
 ...
 [ 0.056 -0.033 -0.275 ...  0.476  0.     0.   ]
 [ 0.586 -1.091 -1.099 ...  0.736  0.     0.   ]
 [ 0.443  0.903  1.565 ...  0.192  0.     0.2  ]]
Final encoded_tweets, after feature selection, shape: (285, 111)
Evaluating model...
ROC: 0.7646793134598012
Continued Avg: 0.760072121120797
[[120  42]
 [ 26  97]]
Fold #: 7
features chosen shape: (2567, 11)
features before normalization: [[ 2.     0.     0.    ...  0.     0.     0.   ]
 [ 1.     1.     0.    ... -0.776  1.     0.   ]
 [ 1.     0.     0.    ... -0.582  1.     0.   ]
 ...
 [ 0.     0.     1.    ...  0.89   0.     0.   ]
 [ 0.     0.     0.    ...  0.681  1.     0.   ]
 [ 1.     0.     1.    ... -0.402  0.     0.   ]]
features after normalization: [[0.043 0.    0.    ... 0.5   0.    0.   ]
 [0.022 0.1   0.    ... 0.103 0.25  0.   ]
 [0.022 0.    0.    ... 0.203 0.25  0.   ]
 ...
 [0.    0.    0.143 ... 0.955 0.    0.   ]
 [0.    0.    0.    ... 0.848 0.25  0.   ]
 [0.022 0.    0.143 ... 0.295 0.    0.   ]]
encoded_tweets before tweets shape: (2567, 100)
before tweets extra_features shape: (2567, 11)
before encoded_tweets: [[ 0.876 -1.417  0.559 ... -1.112 -1.551  0.076]
 [-0.854  0.439  0.479 ...  0.474  0.072  0.843]
 [ 0.005  0.057 -0.262 ...  0.461  0.391 -0.097]
 ...
 [ 0.374 -0.135 -0.919 ... -0.192  0.364 -1.204]
 [ 0.828 -0.904 -1.419 ... -1.092 -0.441 -1.388]
 [ 0.85  -0.841  0.203 ... -1.247 -1.119 -0.69 ]]
final encoded_tweets shape: (2567, 111)
final encoded_tweets: [[ 0.876 -1.417  0.559 ...  0.5    0.     0.   ]
 [-0.854  0.439  0.479 ...  0.103  0.25   0.   ]
 [ 0.005  0.057 -0.262 ...  0.203  0.25   0.   ]
 ...
 [ 0.374 -0.135 -0.919 ...  0.955  0.     0.   ]
 [ 0.828 -0.904 -1.419 ...  0.848  0.25   0.   ]
 [ 0.85  -0.841  0.203 ...  0.295  0.     0.   ]]
Final encoded_tweets, after feature selection, shape: (2567, 111)
features chosen shape: (285, 11)
features before normalization: [[ 1.     0.     0.    ...  0.168  0.     0.   ]
 [ 2.     0.     0.    ... -0.511  0.     0.   ]
 [ 0.     0.     0.    ... -0.612  0.     0.   ]
 ...
 [ 1.     0.     0.    ...  0.66   0.     0.   ]
 [ 0.     0.     1.    ...  0.572  0.     0.   ]
 [ 5.     0.     0.    ... -0.637  0.     1.   ]]
features after normalization: [[0.022 0.    0.    ... 0.586 0.    0.   ]
 [0.043 0.    0.    ... 0.239 0.    0.   ]
 [0.    0.    0.    ... 0.187 0.    0.   ]
 ...
 [0.022 0.    0.    ... 0.837 0.    0.   ]
 [0.    0.    0.143 ... 0.792 0.    0.   ]
 [0.109 0.    0.    ... 0.174 0.    0.2  ]]
encoded_tweets before tweets shape: (285, 100)
before tweets extra_features shape: (285, 11)
before encoded_tweets: [[ 0.657 -0.47   0.206 ... -0.182 -0.627 -0.089]
 [ 1.16  -1.236 -0.004 ... -1.425 -1.334 -0.818]
 [-1.247  1.282  0.648 ...  0.711  0.919  0.864]
 ...
 [ 0.786 -0.579 -0.473 ... -0.574 -0.232 -0.826]
 [ 0.718 -0.833 -1.073 ... -0.586  0.062 -0.949]
 [ 1.932 -2.632  0.482 ... -2.582 -2.974 -0.667]]
final encoded_tweets shape: (285, 111)
final encoded_tweets: [[ 0.657 -0.47   0.206 ...  0.586  0.     0.   ]
 [ 1.16  -1.236 -0.004 ...  0.239  0.     0.   ]
 [-1.247  1.282  0.648 ...  0.187  0.     0.   ]
 ...
 [ 0.786 -0.579 -0.473 ...  0.837  0.     0.   ]
 [ 0.718 -0.833 -1.073 ...  0.792  0.     0.   ]
 [ 1.932 -2.632  0.482 ...  0.174  0.     0.2  ]]
Final encoded_tweets, after feature selection, shape: (285, 111)
Evaluating model...
ROC: 0.7696969696969697
Continued Avg: 0.7614470994888217
[[122  43]
 [ 24  96]]
Fold #: 8
features chosen shape: (2567, 11)
features before normalization: [[ 1.     0.     0.    ...  0.168  0.     0.   ]
 [ 2.     0.     0.    ...  0.     0.     0.   ]
 [ 1.     1.     0.    ... -0.776  1.     0.   ]
 ...
 [ 0.     0.     0.    ...  0.     0.     0.   ]
 [ 1.     0.     1.    ... -0.402  0.     0.   ]
 [ 5.     0.     0.    ... -0.637  0.     1.   ]]
features after normalization: [[0.022 0.    0.    ... 0.588 0.    0.   ]
 [0.043 0.    0.    ... 0.503 0.    0.   ]
 [0.022 0.1   0.    ... 0.108 0.2   0.   ]
 ...
 [0.    0.    0.    ... 0.503 0.    0.   ]
 [0.022 0.    0.143 ... 0.298 0.    0.   ]
 [0.109 0.    0.    ... 0.179 0.    0.25 ]]
encoded_tweets before tweets shape: (2567, 100)
before tweets extra_features shape: (2567, 11)
before encoded_tweets: [[ 0.811  0.991 -0.314 ... -0.307 -0.791 -0.079]
 [ 0.638  1.025 -0.106 ... -1.342 -1.756  0.366]
 [-1.239 -0.308  0.77  ...  0.736  0.109  0.74 ]
 ...
 [ 0.584  0.378 -0.579 ...  0.351  0.254 -0.475]
 [ 0.456 -0.538  0.299 ... -1.356 -0.563 -0.467]
 [ 1.315  0.506  0.139 ... -2.184 -1.917 -0.122]]
final encoded_tweets shape: (2567, 111)
final encoded_tweets: [[ 0.811  0.991 -0.314 ...  0.588  0.     0.   ]
 [ 0.638  1.025 -0.106 ...  0.503  0.     0.   ]
 [-1.239 -0.308  0.77  ...  0.108  0.2    0.   ]
 ...
 [ 0.584  0.378 -0.579 ...  0.503  0.     0.   ]
 [ 0.456 -0.538  0.299 ...  0.298  0.     0.   ]
 [ 1.315  0.506  0.139 ...  0.179  0.     0.25 ]]
Final encoded_tweets, after feature selection, shape: (2567, 111)
features chosen shape: (285, 11)
features before normalization: [[1.    0.    0.    ... 0.    1.    0.   ]
 [0.    0.    0.    ... 0.    0.    0.   ]
 [0.    0.    0.    ... 0.    0.    0.   ]
 ...
 [0.    0.    0.    ... 0.    0.    0.   ]
 [0.    0.    1.    ... 0.89  0.    0.   ]
 [0.    0.    0.    ... 0.681 1.    0.   ]]
features after normalization: [[0.022 0.    0.    ... 0.503 0.2   0.   ]
 [0.    0.    0.    ... 0.503 0.    0.   ]
 [0.    0.    0.    ... 0.503 0.    0.   ]
 ...
 [0.    0.    0.    ... 0.503 0.    0.   ]
 [0.    0.    0.143 ... 0.955 0.    0.   ]
 [0.    0.    0.    ... 0.849 0.2   0.   ]]
encoded_tweets before tweets shape: (285, 100)
before tweets extra_features shape: (285, 11)
before encoded_tweets: [[ 0.488 -1.046 -0.485 ... -0.228  0.488 -0.829]
 [ 0.079 -1.536 -0.179 ...  0.147  1.057 -0.683]
 [-0.066 -0.328 -0.033 ...  0.101 -0.039 -0.042]
 ...
 [-1.091 -0.773  0.374 ...  1.153  1.447  0.437]
 [ 0.44  -1.195 -0.512 ...  0.058  0.716 -1.056]
 [ 0.367 -2.254 -0.866 ... -0.481  0.743 -0.98 ]]
final encoded_tweets shape: (285, 111)
final encoded_tweets: [[ 0.488 -1.046 -0.485 ...  0.503  0.2    0.   ]
 [ 0.079 -1.536 -0.179 ...  0.503  0.     0.   ]
 [-0.066 -0.328 -0.033 ...  0.503  0.     0.   ]
 ...
 [-1.091 -0.773  0.374 ...  0.503  0.     0.   ]
 [ 0.44  -1.195 -0.512 ...  0.955  0.     0.   ]
 [ 0.367 -2.254 -0.866 ...  0.849  0.2    0.   ]]
Final encoded_tweets, after feature selection, shape: (285, 111)
Evaluating model...
ROC: 0.7281329923273657
Continued Avg: 0.7572828360936397
[[116  54]
 [ 26  89]]
Fold #: 9
features chosen shape: (2567, 11)
features before normalization: [[ 1.     0.     0.    ...  0.168  0.     0.   ]
 [ 2.     0.     0.    ...  0.     0.     0.   ]
 [ 1.     1.     0.    ... -0.776  1.     0.   ]
 ...
 [ 0.     0.     0.    ...  0.681  1.     0.   ]
 [ 1.     0.     1.    ... -0.402  0.     0.   ]
 [ 5.     0.     0.    ... -0.637  0.     1.   ]]
features after normalization: [[0.022 0.    0.    ... 0.588 0.    0.   ]
 [0.043 0.    0.    ... 0.503 0.    0.   ]
 [0.022 0.1   0.    ... 0.108 0.2   0.   ]
 ...
 [0.    0.    0.    ... 0.849 0.2   0.   ]
 [0.022 0.    0.143 ... 0.298 0.    0.   ]
 [0.109 0.    0.    ... 0.179 0.    0.2  ]]
encoded_tweets before tweets shape: (2567, 100)
before tweets extra_features shape: (2567, 11)
before encoded_tweets: [[-1.338e-01  6.206e-02  2.219e-01 ... -1.353e-01 -5.064e-01 -4.463e-02]
 [-2.749e-01 -2.554e-01  3.800e-01 ... -1.048e+00 -1.625e+00 -2.191e-03]
 [-1.549e+00  1.274e+00  1.439e+00 ...  8.791e-01 -5.172e-01  1.234e+00]
 ...
 [ 1.450e+00 -1.625e+00 -1.612e+00 ... -9.476e-01  1.183e-01 -1.246e+00]
 [ 1.835e-01 -3.695e-01  3.319e-01 ... -1.002e+00 -9.280e-01 -1.321e-01]
 [ 5.219e-01 -1.194e+00  1.093e-01 ... -2.103e+00 -2.304e+00 -5.390e-01]]
final encoded_tweets shape: (2567, 111)
final encoded_tweets: [[-0.134  0.062  0.222 ...  0.588  0.     0.   ]
 [-0.275 -0.255  0.38  ...  0.503  0.     0.   ]
 [-1.549  1.274  1.439 ...  0.108  0.2    0.   ]
 ...
 [ 1.45  -1.625 -1.612 ...  0.849  0.2    0.   ]
 [ 0.184 -0.37   0.332 ...  0.298  0.     0.   ]
 [ 0.522 -1.194  0.109 ...  0.179  0.     0.2  ]]
Final encoded_tweets, after feature selection, shape: (2567, 111)
features chosen shape: (285, 11)
features before normalization: [[ 1.     0.     0.    ... -0.582  1.     0.   ]
 [ 2.     0.     0.    ... -0.433  0.     0.   ]
 [ 5.     0.     0.    ... -0.883  0.     2.   ]
 ...
 [ 0.     0.     1.    ...  0.84   1.     0.   ]
 [ 1.     0.     0.    ...  0.     0.     0.   ]
 [ 0.     0.     0.    ... -0.202  0.     1.   ]]
features after normalization: [[0.022 0.    0.    ... 0.207 0.2   0.   ]
 [0.043 0.    0.    ... 0.282 0.    0.   ]
 [0.109 0.    0.    ... 0.053 0.    0.4  ]
 ...
 [0.    0.    0.143 ... 0.93  0.2   0.   ]
 [0.022 0.    0.    ... 0.503 0.    0.   ]
 [0.    0.    0.    ... 0.4   0.    0.2  ]]
encoded_tweets before tweets shape: (285, 100)
before tweets extra_features shape: (285, 11)
before encoded_tweets: [[ 0.302 -0.475 -0.452 ...  0.106  0.138 -0.492]
 [-0.138 -0.302  0.61  ... -0.467 -0.813  0.459]
 [ 0.25   0.248 -0.426 ...  0.142  0.083 -0.238]
 ...
 [-0.269  0.171  0.296 ...  0.47   0.624  0.39 ]
 [ 0.539  0.103 -0.845 ...  1.019  1.987 -0.327]
 [-0.023  0.538 -0.134 ...  1.015  1.364  0.22 ]]
final encoded_tweets shape: (285, 111)
final encoded_tweets: [[ 0.302 -0.475 -0.452 ...  0.207  0.2    0.   ]
 [-0.138 -0.302  0.61  ...  0.282  0.     0.   ]
 [ 0.25   0.248 -0.426 ...  0.053  0.     0.4  ]
 ...
 [-0.269  0.171  0.296 ...  0.93   0.2    0.   ]
 [ 0.539  0.103 -0.845 ...  0.503  0.     0.   ]
 [-0.023  0.538 -0.134 ...  0.4    0.     0.2  ]]
Final encoded_tweets, after feature selection, shape: (285, 111)
Evaluating model...
ROC: 0.8035714285714285
Continued Avg: 0.7624260130356162
[[122  30]
 [ 26 107]]
Fold #: 10
features chosen shape: (2567, 11)
features before normalization: [[ 1.     0.     0.    ...  0.168  0.     0.   ]
 [ 2.     0.     0.    ...  0.     0.     0.   ]
 [ 1.     1.     0.    ... -0.776  1.     0.   ]
 ...
 [ 0.     0.     0.    ...  0.681  1.     0.   ]
 [ 1.     0.     1.    ... -0.402  0.     0.   ]
 [ 5.     0.     0.    ... -0.637  0.     1.   ]]
features after normalization: [[0.022 0.    0.    ... 0.588 0.    0.   ]
 [0.043 0.    0.    ... 0.503 0.    0.   ]
 [0.022 0.1   0.    ... 0.108 0.2   0.   ]
 ...
 [0.    0.    0.    ... 0.849 0.2   0.   ]
 [0.022 0.    0.143 ... 0.298 0.    0.   ]
 [0.109 0.    0.    ... 0.179 0.    0.2  ]]
encoded_tweets before tweets shape: (2567, 100)
before tweets extra_features shape: (2567, 11)
before encoded_tweets: [[ 0.2    0.366 -0.114 ... -0.1   -0.671  0.095]
 [-0.079 -0.418 -0.009 ... -1.336 -1.692  0.175]
 [-0.749  0.857  0.607 ...  0.639  0.105  0.811]
 ...
 [ 1.136 -1.52  -1.268 ... -0.682  0.428 -1.051]
 [ 1.065 -2.368  0.722 ... -3.682 -3.161 -0.44 ]
 [ 0.65  -1.307  0.112 ... -2.002 -1.927 -0.34 ]]
final encoded_tweets shape: (2567, 111)
final encoded_tweets: [[ 0.2    0.366 -0.114 ...  0.588  0.     0.   ]
 [-0.079 -0.418 -0.009 ...  0.503  0.     0.   ]
 [-0.749  0.857  0.607 ...  0.108  0.2    0.   ]
 ...
 [ 1.136 -1.52  -1.268 ...  0.849  0.2    0.   ]
 [ 1.065 -2.368  0.722 ...  0.298  0.     0.   ]
 [ 0.65  -1.307  0.112 ...  0.179  0.     0.2  ]]
Final encoded_tweets, after feature selection, shape: (2567, 111)
features chosen shape: (285, 11)
features before normalization: [[ 4.     0.     0.    ... -0.71   0.     0.   ]
 [ 0.     0.     0.    ...  0.361  0.     0.   ]
 [ 0.     0.     0.    ... -0.706  0.     0.   ]
 ...
 [ 0.     0.     0.    ... -0.718  0.     0.   ]
 [ 0.     0.     0.    ... -0.599  0.     1.   ]
 [ 5.     1.     0.    ...  0.234  0.     0.   ]]
features after normalization: [[0.087 0.    0.    ... 0.142 0.    0.   ]
 [0.    0.    0.    ... 0.686 0.    0.   ]
 [0.    0.    0.    ... 0.144 0.    0.   ]
 ...
 [0.    0.    0.    ... 0.137 0.    0.   ]
 [0.    0.    0.    ... 0.198 0.    0.2  ]
 [0.109 0.1   0.    ... 0.621 0.    0.   ]]
encoded_tweets before tweets shape: (285, 100)
before tweets extra_features shape: (285, 11)
before encoded_tweets: [[ 0.036 -0.724  0.252 ... -0.962 -0.953 -0.011]
 [-0.608 -0.272  1.05  ... -0.92  -2.356  0.72 ]
 [-0.301  0.13  -0.179 ... -0.235 -0.341 -0.004]
 ...
 [ 0.104  0.556 -0.788 ...  0.89   0.944 -0.556]
 [ 0.152 -1.507 -0.597 ...  0.249  0.543 -0.561]
 [-0.133  0.007  0.252 ... -0.549 -0.953  0.306]]
final encoded_tweets shape: (285, 111)
final encoded_tweets: [[ 0.036 -0.724  0.252 ...  0.142  0.     0.   ]
 [-0.608 -0.272  1.05  ...  0.686  0.     0.   ]
 [-0.301  0.13  -0.179 ...  0.144  0.     0.   ]
 ...
 [ 0.104  0.556 -0.788 ...  0.137  0.     0.   ]
 [ 0.152 -1.507 -0.597 ...  0.198  0.     0.2  ]
 [-0.133  0.007  0.252 ...  0.621  0.     0.   ]]
Final encoded_tweets, after feature selection, shape: (285, 111)
Evaluating model...
ROC: 0.7629629629629631
Continued Avg: 0.7624797080283509
[[110  40]
 [ 28 107]]
Average Precision: 0.6932745461727658
Average Accuracy: 0.7577143908722856
Average Recall: 0.7917201580222654
Average F1-score: 0.7382571310672787
Average ROC:0.7624797080283509
