Fold #: 1
features chosen shape: (2880, 9)
features before normalization: [[0 0 0 ... 0 0 0]
 [1 0 3 ... 0 0 0]
 [0 0 0 ... 0 0 1]
 ...
 [0 0 0 ... 0 0 0]
 [0 0 0 ... 0 0 0]
 [2 0 0 ... 0 0 0]]
features after normalization: [[0.         0.         0.         ... 0.         0.         0.        ]
 [0.02173913 0.         0.00849858 ... 0.         0.         0.        ]
 [0.         0.         0.         ... 0.         0.         0.04761905]
 ...
 [0.         0.         0.         ... 0.         0.         0.        ]
 [0.         0.         0.         ... 0.         0.         0.        ]
 [0.04347826 0.         0.         ... 0.         0.         0.        ]]
encoded_tweets before tweets shape: (2880, 200)
before tweets extra_features shape: (2880, 9)
before encoded_tweets: [[ 0.61979001 -0.3130524   0.78037134 ...  2.15890013 -0.92924853
   0.86967769]
 [-0.73511691 -0.2493753   0.23326108 ... -0.78410216 -0.1113232
   0.66973223]
 [-0.65594434 -0.33276409  0.43663792 ... -0.07363818  0.04044331
  -0.62144091]
 ...
 [-0.34749232 -0.9019869   0.58412164 ... -0.46714508  0.18761527
  -0.64014912]
 [-0.1818794  -0.59237401 -0.09927879 ... -0.49202248 -0.14289308
  -0.08286728]
 [ 0.43244976 -0.03684991  0.83406809 ... -0.34007189 -0.19993214
   1.16769038]]
final encoded_tweets shape: (2880, 209)
final encoded_tweets: [[ 0.61979001 -0.3130524   0.78037134 ...  0.          0.
   0.        ]
 [-0.73511691 -0.2493753   0.23326108 ...  0.          0.
   0.        ]
 [-0.65594434 -0.33276409  0.43663792 ...  0.          0.
   0.04761905]
 ...
 [-0.34749232 -0.9019869   0.58412164 ...  0.          0.
   0.        ]
 [-0.1818794  -0.59237401 -0.09927879 ...  0.          0.
   0.        ]
 [ 0.43244976 -0.03684991  0.83406809 ...  0.          0.
   0.        ]]
Final encoded_tweets, after feature selection, shape: (2880, 209)
features chosen shape: (320, 9)
features before normalization: [[0 0 0 ... 0 0 0]
 [0 0 2 ... 0 0 0]
 [0 1 0 ... 0 0 0]
 ...
 [0 0 0 ... 0 0 1]
 [3 0 9 ... 1 0 0]
 [0 0 0 ... 1 0 4]]
features after normalization: [[0.         0.         0.         ... 0.         0.         0.        ]
 [0.         0.         0.00566572 ... 0.         0.         0.        ]
 [0.         0.1        0.         ... 0.         0.         0.        ]
 ...
 [0.         0.         0.         ... 0.         0.         0.04761905]
 [0.06521739 0.         0.02549575 ... 0.25       0.         0.        ]
 [0.         0.         0.         ... 0.25       0.         0.19047619]]
encoded_tweets before tweets shape: (320, 200)
before tweets extra_features shape: (320, 9)
before encoded_tweets: [[-0.19450505 -0.5677543  -0.16356132 ... -0.4895668  -0.09574895
  -0.08946965]
 [ 0.78917383 -0.16416976  1.60245091 ... -0.99647338  1.76542802
  -1.83892353]
 [-0.2264158   0.38330904 -1.03936887 ... -0.57071389 -0.02676678
  -0.88886611]
 ...
 [-0.95173181  0.1966     -0.13617879 ...  0.20002818  0.38514105
   1.29608595]
 [ 0.12980329 -0.01442312  0.64361039 ...  1.36584642  0.23571593
  -0.14630009]
 [ 0.23033959 -0.59661222 -0.31515723 ... -0.67007917 -0.72950407
   0.62759637]]
final encoded_tweets shape: (320, 209)
final encoded_tweets: [[-0.19450505 -0.5677543  -0.16356132 ...  0.          0.
   0.        ]
 [ 0.78917383 -0.16416976  1.60245091 ...  0.          0.
   0.        ]
 [-0.2264158   0.38330904 -1.03936887 ...  0.          0.
   0.        ]
 ...
 [-0.95173181  0.1966     -0.13617879 ...  0.          0.
   0.04761905]
 [ 0.12980329 -0.01442312  0.64361039 ...  0.25        0.
   0.        ]
 [ 0.23033959 -0.59661222 -0.31515723 ...  0.25        0.
   0.19047619]]
Final encoded_tweets, after feature selection, shape: (320, 209)
Evaluating model...
Scores: [0.6457119405269622, 0.768750011920929]
Classifier summary: None
ROC: 0.7971408075425291
Continued Avg: 0.7971408075425291
[[203  35]
 [ 39  43]]
Fold #: 2
features chosen shape: (2880, 9)
features before normalization: [[0 0 0 ... 0 0 0]
 [1 0 3 ... 0 0 0]
 [0 0 0 ... 0 0 1]
 ...
 [0 0 0 ... 0 0 0]
 [2 0 0 ... 0 0 0]
 [0 0 0 ... 1 0 4]]
features after normalization: [[0.         0.         0.         ... 0.         0.         0.        ]
 [0.02173913 0.         0.00849858 ... 0.         0.         0.        ]
 [0.         0.         0.         ... 0.         0.         0.04761905]
 ...
 [0.         0.         0.         ... 0.         0.         0.        ]
 [0.04347826 0.         0.         ... 0.         0.         0.        ]
 [0.         0.         0.         ... 0.25       0.         0.19047619]]
encoded_tweets before tweets shape: (2880, 200)
before tweets extra_features shape: (2880, 9)
before encoded_tweets: [[ 0.63572951 -0.32275637  0.77686646 ...  2.20866521 -0.92253536
   0.88969048]
 [-0.71994682 -0.26545235  0.21365908 ... -0.78110273 -0.11919052
   0.68467622]
 [-0.64622047 -0.31695931  0.41093299 ... -0.08264555  0.04027479
  -0.5816135 ]
 ...
 [-0.17874853 -0.60171763 -0.1093205  ... -0.48904616 -0.14310827
  -0.06128866]
 [ 0.43323099 -0.04639528  0.8206767  ... -0.33693469 -0.1983498
   1.18077044]
 [ 0.22654894 -0.62654494 -0.24031132 ... -0.66532842 -0.80870338
   0.71946179]]
final encoded_tweets shape: (2880, 209)
final encoded_tweets: [[ 0.63572951 -0.32275637  0.77686646 ...  0.          0.
   0.        ]
 [-0.71994682 -0.26545235  0.21365908 ...  0.          0.
   0.        ]
 [-0.64622047 -0.31695931  0.41093299 ...  0.          0.
   0.04761905]
 ...
 [-0.17874853 -0.60171763 -0.1093205  ...  0.          0.
   0.        ]
 [ 0.43323099 -0.04639528  0.8206767  ...  0.          0.
   0.        ]
 [ 0.22654894 -0.62654494 -0.24031132 ...  0.25        0.
   0.19047619]]
Final encoded_tweets, after feature selection, shape: (2880, 209)
features chosen shape: (320, 9)
features before normalization: [[1 2 2 ... 0 0 0]
 [0 2 0 ... 0 0 0]
 [0 0 0 ... 0 0 0]
 ...
 [1 0 0 ... 1 0 0]
 [6 0 0 ... 0 0 0]
 [1 0 3 ... 1 0 0]]
features after normalization: [[0.02173913 0.2        0.00566572 ... 0.         0.         0.        ]
 [0.         0.2        0.         ... 0.         0.         0.        ]
 [0.         0.         0.         ... 0.         0.         0.        ]
 ...
 [0.02173913 0.         0.         ... 0.25       0.         0.        ]
 [0.13043478 0.         0.         ... 0.         0.         0.        ]
 [0.02173913 0.         0.00849858 ... 0.25       0.         0.        ]]
encoded_tweets before tweets shape: (320, 200)
before tweets extra_features shape: (320, 9)
before encoded_tweets: [[-2.25486999  0.27848625 -0.01413877 ... -1.96357607  0.6733067
   1.0324442 ]
 [-1.00476093 -0.71292155  0.21181478 ... -0.63408097  0.23195398
   0.62527371]
 [ 2.75158166  0.85900388  0.79789296 ...  0.05389046 -0.1879872
   1.27315433]
 ...
 [ 0.70352889  0.11710046 -0.83390197 ...  1.24769158 -0.56444953
   0.18716893]
 [ 0.42300887  0.01232628  0.13108629 ... -0.43721175  0.03170625
  -0.70349111]
 [-1.99041399 -0.7666813  -0.01861245 ... -0.53610404 -0.36422322
  -0.37900545]]
final encoded_tweets shape: (320, 209)
final encoded_tweets: [[-2.25486999  0.27848625 -0.01413877 ...  0.          0.
   0.        ]
 [-1.00476093 -0.71292155  0.21181478 ...  0.          0.
   0.        ]
 [ 2.75158166  0.85900388  0.79789296 ...  0.          0.
   0.        ]
 ...
 [ 0.70352889  0.11710046 -0.83390197 ...  0.25        0.
   0.        ]
 [ 0.42300887  0.01232628  0.13108629 ...  0.          0.
   0.        ]
 [-1.99041399 -0.7666813  -0.01861245 ...  0.25        0.
   0.        ]]
Final encoded_tweets, after feature selection, shape: (320, 209)
Evaluating model...
Scores: [0.7725392490625381, 0.7562500238418579]
Classifier summary: None
ROC: 0.7876311541565779
Continued Avg: 0.7923859808495535
[[204  32]
 [ 46  38]]
Fold #: 3
features chosen shape: (2880, 9)
features before normalization: [[0 0 0 ... 0 0 0]
 [0 0 0 ... 0 0 1]
 [0 0 0 ... 1 0 0]
 ...
 [0 0 0 ... 0 0 0]
 [2 0 0 ... 0 0 0]
 [0 0 0 ... 1 0 4]]
features after normalization: [[0.         0.         0.         ... 0.         0.         0.        ]
 [0.         0.         0.         ... 0.         0.         0.04761905]
 [0.         0.         0.         ... 0.25       0.         0.        ]
 ...
 [0.         0.         0.         ... 0.         0.         0.        ]
 [0.04347826 0.         0.         ... 0.         0.         0.        ]
 [0.         0.         0.         ... 0.25       0.         0.19047619]]
encoded_tweets before tweets shape: (2880, 200)
before tweets extra_features shape: (2880, 9)
before encoded_tweets: [[ 0.63291669 -0.33895121  0.78904122 ...  2.23042626 -0.91836777
   0.85217079]
 [-0.67049779 -0.33599205  0.40723573 ... -0.09804421  0.04131914
  -0.62182192]
 [-0.08445826  0.40275558 -0.35450439 ...  1.16489356  0.34770755
   1.2545714 ]
 ...
 [-0.19427806 -0.62191315 -0.11963475 ... -0.51039236 -0.13350689
  -0.09377694]
 [ 0.42622607 -0.05804842  0.82853713 ... -0.35955099 -0.19378111
   1.14170412]
 [ 0.21481639 -0.64664716 -0.23342201 ... -0.70125072 -0.80448988
   0.70244394]]
final encoded_tweets shape: (2880, 209)
final encoded_tweets: [[ 0.63291669 -0.33895121  0.78904122 ...  0.          0.
   0.        ]
 [-0.67049779 -0.33599205  0.40723573 ...  0.          0.
   0.04761905]
 [-0.08445826  0.40275558 -0.35450439 ...  0.25        0.
   0.        ]
 ...
 [-0.19427806 -0.62191315 -0.11963475 ...  0.          0.
   0.        ]
 [ 0.42622607 -0.05804842  0.82853713 ...  0.          0.
   0.        ]
 [ 0.21481639 -0.64664716 -0.23342201 ...  0.25        0.
   0.19047619]]
Final encoded_tweets, after feature selection, shape: (2880, 209)
features chosen shape: (320, 9)
features before normalization: [[1 0 3 ... 0 0 0]
 [0 0 0 ... 0 0 0]
 [1 0 0 ... 0 0 0]
 ...
 [0 0 0 ... 0 0 1]
 [1 0 0 ... 0 0 3]
 [0 0 0 ... 0 0 0]]
features after normalization: [[0.02173913 0.         0.00849858 ... 0.         0.         0.        ]
 [0.         0.         0.         ... 0.         0.         0.        ]
 [0.02173913 0.         0.         ... 0.         0.         0.        ]
 ...
 [0.         0.         0.         ... 0.         0.         0.04761905]
 [0.02173913 0.         0.         ... 0.         0.         0.14285714]
 [0.         0.         0.         ... 0.         0.         0.        ]]
encoded_tweets before tweets shape: (320, 200)
before tweets extra_features shape: (320, 9)
before encoded_tweets: [[-6.52455014e-01 -2.21019095e-01  2.73678188e-01 ... -6.52711709e-01
  -9.32692239e-02  6.62473680e-01]
 [-1.56469099e+00  1.22530787e-01  7.33397767e-01 ...  5.92668929e-01
   4.26000647e-01 -9.57338187e-01]
 [ 1.10569620e-01  1.01915548e+00  4.89712372e-01 ...  8.46697635e-01
  -2.91114527e-01  6.78213074e-01]
 ...
 [ 6.44246087e-01 -1.36373484e+00  6.19778168e-02 ... -3.61293359e-01
  -1.28195480e-02 -5.41679898e-01]
 [ 4.39858354e-01  4.68889680e-01 -3.61249413e-01 ...  4.23980280e-03
  -1.64216524e-01  6.68067857e-01]
 [ 2.17372248e-01 -4.33708028e+00  3.14598239e-01 ...  9.16792353e-01
  -1.16514096e+00 -8.07320553e-02]]
final encoded_tweets shape: (320, 209)
final encoded_tweets: [[-0.65245501 -0.22101909  0.27367819 ...  0.          0.
   0.        ]
 [-1.56469099  0.12253079  0.73339777 ...  0.          0.
   0.        ]
 [ 0.11056962  1.01915548  0.48971237 ...  0.          0.
   0.        ]
 ...
 [ 0.64424609 -1.36373484  0.06197782 ...  0.          0.
   0.04761905]
 [ 0.43985835  0.46888968 -0.36124941 ...  0.          0.
   0.14285714]
 [ 0.21737225 -4.33708028  0.31459824 ...  0.          0.
   0.        ]]
Final encoded_tweets, after feature selection, shape: (320, 209)
Evaluating model...
Scores: [0.7223205685615539, 0.784375011920929]
Classifier summary: None
ROC: 0.794049279404928
Continued Avg: 0.7929404137013449
[[196  43]
 [ 26  55]]
Fold #: 4
features chosen shape: (2880, 9)
features before normalization: [[0 0 0 ... 0 0 0]
 [1 0 3 ... 0 0 0]
 [0 0 0 ... 1 0 0]
 ...
 [0 0 0 ... 0 0 0]
 [0 0 0 ... 0 0 0]
 [0 0 0 ... 1 0 4]]
features after normalization: [[0.         0.         0.         ... 0.         0.         0.        ]
 [0.02173913 0.         0.00849858 ... 0.         0.         0.        ]
 [0.         0.         0.         ... 0.25       0.         0.        ]
 ...
 [0.         0.         0.         ... 0.         0.         0.        ]
 [0.         0.         0.         ... 0.         0.         0.        ]
 [0.         0.         0.         ... 0.25       0.         0.19047619]]
encoded_tweets before tweets shape: (2880, 200)
before tweets extra_features shape: (2880, 9)
before encoded_tweets: [[ 0.63726911 -0.31836124  0.79283426 ...  2.21138248 -0.930904
   0.87261285]
 [-0.72574107 -0.25107681  0.21636811 ... -0.78068342 -0.10899139
   0.6622862 ]
 [-0.64141318  0.27129507 -0.66182053 ...  0.89607128  0.64203085
   0.42912364]
 ...
 [-0.34727096 -0.90740566  0.58416903 ... -0.46225538  0.19583381
  -0.64140253]
 [-0.18209287 -0.59645006 -0.10854584 ... -0.48308406 -0.13741921
  -0.08229674]
 [ 0.07254513 -0.7523741  -0.87381889 ... -0.52972148 -0.81759404
   0.77086987]]
final encoded_tweets shape: (2880, 209)
final encoded_tweets: [[ 0.63726911 -0.31836124  0.79283426 ...  0.          0.
   0.        ]
 [-0.72574107 -0.25107681  0.21636811 ...  0.          0.
   0.        ]
 [-0.64141318  0.27129507 -0.66182053 ...  0.25        0.
   0.        ]
 ...
 [-0.34727096 -0.90740566  0.58416903 ...  0.          0.
   0.        ]
 [-0.18209287 -0.59645006 -0.10854584 ...  0.          0.
   0.        ]
 [ 0.07254513 -0.7523741  -0.87381889 ...  0.25        0.
   0.19047619]]
Final encoded_tweets, after feature selection, shape: (2880, 209)
features chosen shape: (320, 9)
features before normalization: [[0 0 0 ... 0 0 1]
 [0 0 0 ... 0 0 0]
 [0 0 0 ... 0 0 0]
 ...
 [1 0 0 ... 0 0 0]
 [1 1 0 ... 0 0 0]
 [2 0 0 ... 0 0 0]]
features after normalization: [[0.         0.         0.         ... 0.         0.         0.04761905]
 [0.         0.         0.         ... 0.         0.         0.        ]
 [0.         0.         0.         ... 0.         0.         0.        ]
 ...
 [0.02173913 0.         0.         ... 0.         0.         0.        ]
 [0.02173913 0.1        0.         ... 0.         0.         0.        ]
 [0.04347826 0.         0.         ... 0.         0.         0.        ]]
encoded_tweets before tweets shape: (320, 200)
before tweets extra_features shape: (320, 9)
before encoded_tweets: [[-0.72726978 -0.31959695  0.40936011 ... -0.17964932  0.00292755
  -0.51236642]
 [-1.62565203  0.23941968 -1.89827457 ...  1.5941759  -1.59318216
   0.60623545]
 [-0.28297281 -0.90972943  0.44001976 ...  0.62724013 -0.43452735
  -0.73761968]
 ...
 [ 1.02937103  1.1627821   0.93597264 ... -0.09857329  2.77743534
   0.7667482 ]
 [ 0.90664551 -0.88527868 -0.24679115 ... -0.90908565  0.53868855
   0.01372922]
 [ 0.430095   -0.02619241  0.8376491  ... -0.43836884 -0.24713294
   1.14094602]]
final encoded_tweets shape: (320, 209)
final encoded_tweets: [[-0.72726978 -0.31959695  0.40936011 ...  0.          0.
   0.04761905]
 [-1.62565203  0.23941968 -1.89827457 ...  0.          0.
   0.        ]
 [-0.28297281 -0.90972943  0.44001976 ...  0.          0.
   0.        ]
 ...
 [ 1.02937103  1.1627821   0.93597264 ...  0.          0.
   0.        ]
 [ 0.90664551 -0.88527868 -0.24679115 ...  0.          0.
   0.        ]
 [ 0.430095   -0.02619241  0.8376491  ...  0.          0.
   0.        ]]
Final encoded_tweets, after feature selection, shape: (320, 209)
Evaluating model...
Scores: [0.6592823147773743, 0.7749999761581421]
Classifier summary: None
ROC: 0.7696110744891232
Continued Avg: 0.7871080788982895
[[210  36]
 [ 36  38]]
Fold #: 5
features chosen shape: (2880, 9)
features before normalization: [[0 0 0 ... 0 0 0]
 [1 0 3 ... 0 0 0]
 [0 0 0 ... 0 0 1]
 ...
 [0 0 0 ... 0 0 0]
 [2 0 0 ... 0 0 0]
 [0 0 0 ... 1 0 4]]
features after normalization: [[0.         0.         0.         ... 0.         0.         0.        ]
 [0.03703704 0.         0.00849858 ... 0.         0.         0.        ]
 [0.         0.         0.         ... 0.         0.         0.04761905]
 ...
 [0.         0.         0.         ... 0.         0.         0.        ]
 [0.07407407 0.         0.         ... 0.         0.         0.        ]
 [0.         0.         0.         ... 0.25       0.         0.19047619]]
encoded_tweets before tweets shape: (2880, 200)
before tweets extra_features shape: (2880, 9)
before encoded_tweets: [[ 0.63037445 -0.33212294  0.79044314 ...  2.17120942 -0.92562704
   0.87062036]
 [-0.7163701  -0.26470291  0.24174253 ... -0.76471189 -0.10092486
   0.66547738]
 [-0.64353714 -0.35134254  0.4393388  ... -0.0633001   0.0426048
  -0.62488676]
 ...
 [-0.17353861 -0.61263946 -0.09650917 ... -0.48365077 -0.13498597
  -0.08385538]
 [ 0.43876816 -0.04509531  0.85063965 ... -0.33141972 -0.18049215
   1.17498757]
 [ 0.22950784 -0.64114715 -0.2444924  ... -0.65784523 -0.81425245
   0.69663259]]
final encoded_tweets shape: (2880, 209)
final encoded_tweets: [[ 0.63037445 -0.33212294  0.79044314 ...  0.          0.
   0.        ]
 [-0.7163701  -0.26470291  0.24174253 ...  0.          0.
   0.        ]
 [-0.64353714 -0.35134254  0.4393388  ...  0.          0.
   0.04761905]
 ...
 [-0.17353861 -0.61263946 -0.09650917 ...  0.          0.
   0.        ]
 [ 0.43876816 -0.04509531  0.85063965 ...  0.          0.
   0.        ]
 [ 0.22950784 -0.64114715 -0.2444924  ...  0.25        0.
   0.19047619]]
Final encoded_tweets, after feature selection, shape: (2880, 209)
features chosen shape: (320, 9)
features before normalization: [[1 0 4 ... 1 0 0]
 [0 0 0 ... 0 0 0]
 [3 0 3 ... 1 0 0]
 ...
 [0 1 0 ... 0 0 0]
 [1 0 0 ... 0 0 0]
 [1 0 4 ... 0 0 0]]
features after normalization: [[0.03703704 0.         0.01133144 ... 0.25       0.         0.        ]
 [0.         0.         0.         ... 0.         0.         0.        ]
 [0.11111111 0.         0.00849858 ... 0.25       0.         0.        ]
 ...
 [0.         0.1        0.         ... 0.         0.         0.        ]
 [0.03703704 0.         0.         ... 0.         0.         0.        ]
 [0.03703704 0.         0.01133144 ... 0.         0.         0.        ]]
encoded_tweets before tweets shape: (320, 200)
before tweets extra_features shape: (320, 9)
before encoded_tweets: [[-1.51646068  1.20739982 -0.04704967 ...  1.16378886 -1.01235863
   0.12709954]
 [-0.20663686 -4.98183371 -0.95823449 ... -2.07810589 -2.37759187
  -5.0726049 ]
 [-0.59775267  0.68414766  1.09203531 ... -0.34807682  0.12985594
   0.79638163]
 ...
 [-0.29615893 -0.602101    1.01929955 ...  0.28788318 -0.45253304
   0.45875385]
 [-0.12266939  0.63942638 -1.18076236 ... -0.3420217  -1.55986048
  -0.7078672 ]
 [-0.72569306  0.01327941  0.82574086 ... -0.67293692  0.57332657
  -0.66647895]]
final encoded_tweets shape: (320, 209)
final encoded_tweets: [[-1.51646068  1.20739982 -0.04704967 ...  0.25        0.
   0.        ]
 [-0.20663686 -4.98183371 -0.95823449 ...  0.          0.
   0.        ]
 [-0.59775267  0.68414766  1.09203531 ...  0.25        0.
   0.        ]
 ...
 [-0.29615893 -0.602101    1.01929955 ...  0.          0.
   0.        ]
 [-0.12266939  0.63942638 -1.18076236 ...  0.          0.
   0.        ]
 [-0.72569306  0.01327941  0.82574086 ...  0.          0.
   0.        ]]
Final encoded_tweets, after feature selection, shape: (320, 209)
Evaluating model...
Scores: [0.6016342461109161, 0.7593749761581421]
Classifier summary: None
ROC: 0.7946845947791376
Continued Avg: 0.7886233820744591
[[205  36]
 [ 41  38]]
Fold #: 6
features chosen shape: (2880, 9)
features before normalization: [[0 0 0 ... 0 0 0]
 [1 0 3 ... 0 0 0]
 [0 0 0 ... 0 0 1]
 ...
 [0 0 0 ... 0 0 0]
 [2 0 0 ... 0 0 0]
 [0 0 0 ... 1 0 4]]
features after normalization: [[0.         0.         0.         ... 0.         0.         0.        ]
 [0.02173913 0.         0.00849858 ... 0.         0.         0.        ]
 [0.         0.         0.         ... 0.         0.         0.04761905]
 ...
 [0.         0.         0.         ... 0.         0.         0.        ]
 [0.04347826 0.         0.         ... 0.         0.         0.        ]
 [0.         0.         0.         ... 0.25       0.         0.19047619]]
encoded_tweets before tweets shape: (2880, 200)
before tweets extra_features shape: (2880, 9)
before encoded_tweets: [[ 0.62526079 -0.30653314  0.7882929  ...  2.19491093 -0.92938421
   0.8637953 ]
 [-0.709152   -0.24572872  0.23119238 ... -0.78222663 -0.11194916
   0.66098118]
 [-0.63627042 -0.33913744  0.43768493 ... -0.07158143  0.03831072
  -0.60815397]
 ...
 [-0.17196438 -0.59071887 -0.09439297 ... -0.48798812 -0.14513171
  -0.07911832]
 [ 0.43903744 -0.03663244  0.84351618 ... -0.33821003 -0.20119953
   1.16118493]
 [ 0.07644664 -0.74361823 -0.83889415 ... -0.55277163 -0.82721009
   0.77118865]]
final encoded_tweets shape: (2880, 209)
final encoded_tweets: [[ 0.62526079 -0.30653314  0.7882929  ...  0.          0.
   0.        ]
 [-0.709152   -0.24572872  0.23119238 ...  0.          0.
   0.        ]
 [-0.63627042 -0.33913744  0.43768493 ...  0.          0.
   0.04761905]
 ...
 [-0.17196438 -0.59071887 -0.09439297 ...  0.          0.
   0.        ]
 [ 0.43903744 -0.03663244  0.84351618 ...  0.          0.
   0.        ]
 [ 0.07644664 -0.74361823 -0.83889415 ...  0.25        0.
   0.19047619]]
Final encoded_tweets, after feature selection, shape: (2880, 209)
features chosen shape: (320, 9)
features before normalization: [[0 1 0 ... 0 0 0]
 [1 0 0 ... 0 0 0]
 [0 0 0 ... 0 0 0]
 ...
 [0 0 0 ... 0 0 0]
 [1 0 0 ... 0 0 0]
 [1 0 0 ... 1 0 0]]
features after normalization: [[0.         0.1        0.         ... 0.         0.         0.        ]
 [0.02173913 0.         0.         ... 0.         0.         0.        ]
 [0.         0.         0.         ... 0.         0.         0.        ]
 ...
 [0.         0.         0.         ... 0.         0.         0.        ]
 [0.02173913 0.         0.         ... 0.         0.         0.        ]
 [0.02173913 0.         0.         ... 0.25       0.         0.        ]]
encoded_tweets before tweets shape: (320, 200)
before tweets extra_features shape: (320, 9)
before encoded_tweets: [[ 0.6076492  -0.13923166  0.33189    ...  0.157529   -0.06497389
   0.34292517]
 [ 0.775187    2.08235105 -2.00097391 ... -3.86441191  0.63456181
  -1.18109507]
 [-0.80451731  1.69930981  0.71001959 ...  1.04097496 -4.44070593
  -1.97468818]
 ...
 [ 0.25802719 -0.48217563  0.44319655 ...  0.90815601  0.38865447
   0.46814784]
 [ 0.00918479  0.66130426  0.47547462 ...  0.96100759 -0.18339722
  -0.03190309]
 [-0.36872427 -0.48858843  0.69665854 ... -1.32861747  0.32226877
   0.60580155]]
final encoded_tweets shape: (320, 209)
final encoded_tweets: [[ 0.6076492  -0.13923166  0.33189    ...  0.          0.
   0.        ]
 [ 0.775187    2.08235105 -2.00097391 ...  0.          0.
   0.        ]
 [-0.80451731  1.69930981  0.71001959 ...  0.          0.
   0.        ]
 ...
 [ 0.25802719 -0.48217563  0.44319655 ...  0.          0.
   0.        ]
 [ 0.00918479  0.66130426  0.47547462 ...  0.          0.
   0.        ]
 [-0.36872427 -0.48858843  0.69665854 ...  0.25        0.
   0.        ]]
Final encoded_tweets, after feature selection, shape: (320, 209)
Evaluating model...
Scores: [0.6207184076309205, 0.7749999761581421]
Classifier summary: None
ROC: 0.816270337922403
Continued Avg: 0.7932312080491165
[[203  32]
 [ 40  45]]
Fold #: 7
features chosen shape: (2880, 9)
features before normalization: [[1 0 3 ... 0 0 0]
 [0 0 0 ... 0 0 1]
 [0 0 0 ... 1 0 0]
 ...
 [0 0 0 ... 0 0 0]
 [2 0 0 ... 0 0 0]
 [0 0 0 ... 1 0 4]]
features after normalization: [[0.02173913 0.         0.00849858 ... 0.         0.         0.        ]
 [0.         0.         0.         ... 0.         0.         0.04761905]
 [0.         0.         0.         ... 0.25       0.         0.        ]
 ...
 [0.         0.         0.         ... 0.         0.         0.        ]
 [0.04347826 0.         0.         ... 0.         0.         0.        ]
 [0.         0.         0.         ... 0.25       0.         0.19047619]]
encoded_tweets before tweets shape: (2880, 200)
before tweets extra_features shape: (2880, 9)
before encoded_tweets: [[-0.72166041 -0.24216438  0.24425581 ... -0.78812069 -0.11299004
   0.67326829]
 [-0.64682769 -0.29800165  0.43462986 ... -0.08074646  0.03472634
  -0.61405917]
 [-0.07343144  0.41996435 -0.32575323 ...  1.19024541  0.33705654
   1.27689074]
 ...
 [-0.17910586 -0.59392847 -0.09295906 ... -0.48867774 -0.14608965
  -0.08686115]
 [ 0.43556841 -0.02578625  0.86245317 ... -0.33412047 -0.20009238
   1.17684694]
 [ 0.22205544 -0.6218853  -0.23216941 ... -0.67107293 -0.81930118
   0.70200509]]
final encoded_tweets shape: (2880, 209)
final encoded_tweets: [[-0.72166041 -0.24216438  0.24425581 ...  0.          0.
   0.        ]
 [-0.64682769 -0.29800165  0.43462986 ...  0.          0.
   0.04761905]
 [-0.07343144  0.41996435 -0.32575323 ...  0.25        0.
   0.        ]
 ...
 [-0.17910586 -0.59392847 -0.09295906 ...  0.          0.
   0.        ]
 [ 0.43556841 -0.02578625  0.86245317 ...  0.          0.
   0.        ]
 [ 0.22205544 -0.6218853  -0.23216941 ...  0.25        0.
   0.19047619]]
Final encoded_tweets, after feature selection, shape: (2880, 209)
features chosen shape: (320, 9)
features before normalization: [[0 0 0 ... 0 0 0]
 [0 0 0 ... 0 0 2]
 [3 0 0 ... 0 0 0]
 ...
 [1 0 0 ... 0 0 0]
 [0 0 0 ... 0 0 0]
 [0 0 0 ... 0 0 0]]
features after normalization: [[0.         0.         0.         ... 0.         0.         0.        ]
 [0.         0.         0.         ... 0.         0.         0.0952381 ]
 [0.06521739 0.         0.         ... 0.         0.         0.        ]
 ...
 [0.02173913 0.         0.         ... 0.         0.         0.        ]
 [0.         0.         0.         ... 0.         0.         0.        ]
 [0.         0.         0.         ... 0.         0.         0.        ]]
encoded_tweets before tweets shape: (320, 200)
before tweets extra_features shape: (320, 9)
before encoded_tweets: [[ 0.62796798 -0.38287359  0.72942501 ...  2.10363059 -0.93023067
   0.83176545]
 [ 2.1738103   0.73364676  1.16621337 ...  0.65409247 -1.54718833
   0.24838509]
 [-0.51473258  0.21809659  0.12833048 ...  0.63832713 -0.08492387
  -0.53328822]
 ...
 [ 0.01833646 -0.19872311  0.60058941 ...  0.51788258 -0.88498473
   0.7708785 ]
 [ 0.30788355 -0.40984553  0.69274899 ... -3.97311146 -0.78713614
   3.82191385]
 [ 0.43465615 -0.8756826  -0.00718005 ...  0.71158182  0.53531964
   0.33981052]]
final encoded_tweets shape: (320, 209)
final encoded_tweets: [[ 0.62796798 -0.38287359  0.72942501 ...  0.          0.
   0.        ]
 [ 2.1738103   0.73364676  1.16621337 ...  0.          0.
   0.0952381 ]
 [-0.51473258  0.21809659  0.12833048 ...  0.          0.
   0.        ]
 ...
 [ 0.01833646 -0.19872311  0.60058941 ...  0.          0.
   0.        ]
 [ 0.30788355 -0.40984553  0.69274899 ...  0.          0.
   0.        ]
 [ 0.43465615 -0.8756826  -0.00718005 ...  0.          0.
   0.        ]]
Final encoded_tweets, after feature selection, shape: (320, 209)
Evaluating model...
Scores: [0.8347523629665374, 0.7562500238418579]
Classifier summary: None
ROC: 0.7816559567287689
Continued Avg: 0.7915776007176383
[[196  27]
 [ 51  46]]
Fold #: 8
features chosen shape: (2880, 9)
features before normalization: [[0 0 0 ... 0 0 0]
 [1 0 3 ... 0 0 0]
 [0 0 0 ... 0 0 1]
 ...
 [1 1 0 ... 0 0 0]
 [2 0 0 ... 0 0 0]
 [0 0 0 ... 1 0 4]]
features after normalization: [[0.         0.         0.         ... 0.         0.         0.        ]
 [0.02173913 0.         0.00849858 ... 0.         0.         0.        ]
 [0.         0.         0.         ... 0.         0.         0.07692308]
 ...
 [0.02173913 0.1        0.         ... 0.         0.         0.        ]
 [0.04347826 0.         0.         ... 0.         0.         0.        ]
 [0.         0.         0.         ... 0.25       0.         0.30769231]]
encoded_tweets before tweets shape: (2880, 200)
before tweets extra_features shape: (2880, 9)
before encoded_tweets: [[ 0.65078307 -0.31714411  0.8099324  ...  2.21155225 -0.9350368
   0.86805709]
 [-0.71049461 -0.239188    0.22639874 ... -0.82867664 -0.11348429
   0.67506906]
 [-0.64594051 -0.30794403  0.42468946 ... -0.11804147  0.02768262
  -0.60879296]
 ...
 [ 0.90439544 -0.79708048 -0.20839752 ... -0.84731542  0.560182
  -0.01843132]
 [ 0.4499701  -0.03819536  0.8687523  ... -0.36357689 -0.20015451
   1.15783667]
 [ 0.08272072 -0.74327087 -0.84294687 ... -0.58315028 -0.80388643
   0.77933018]]
final encoded_tweets shape: (2880, 209)
final encoded_tweets: [[ 0.65078307 -0.31714411  0.8099324  ...  0.          0.
   0.        ]
 [-0.71049461 -0.239188    0.22639874 ...  0.          0.
   0.        ]
 [-0.64594051 -0.30794403  0.42468946 ...  0.          0.
   0.07692308]
 ...
 [ 0.90439544 -0.79708048 -0.20839752 ...  0.          0.
   0.        ]
 [ 0.4499701  -0.03819536  0.8687523  ...  0.          0.
   0.        ]
 [ 0.08272072 -0.74327087 -0.84294687 ...  0.25        0.
   0.30769231]]
Final encoded_tweets, after feature selection, shape: (2880, 209)
features chosen shape: (320, 9)
features before normalization: [[0 0 0 ... 0 0 0]
 [0 1 0 ... 0 0 1]
 [3 0 0 ... 1 0 0]
 ...
 [0 0 3 ... 0 0 0]
 [0 0 0 ... 0 0 0]
 [0 0 0 ... 0 0 0]]
features after normalization: [[0.         0.         0.         ... 0.         0.         0.        ]
 [0.         0.1        0.         ... 0.         0.         0.07692308]
 [0.06521739 0.         0.         ... 0.25       0.         0.        ]
 ...
 [0.         0.         0.00849858 ... 0.         0.         0.        ]
 [0.         0.         0.         ... 0.         0.         0.        ]
 [0.         0.         0.         ... 0.         0.         0.        ]]
encoded_tweets before tweets shape: (320, 200)
before tweets extra_features shape: (320, 9)
before encoded_tweets: [[ 0.15325253 -0.27797813  0.70795215 ...  0.0775646   0.80071533
   1.27853166]
 [-1.11608089 -1.11990617 -1.11670071 ... -0.76880316 -0.5384963
   1.19730291]
 [ 1.79030846  1.48537628 -1.46676436 ...  0.31692417 -1.27595838
   0.69608978]
 ...
 [ 0.89502823 -0.50984443  0.62074372 ...  0.4181891   0.22881901
   0.61388217]
 [-0.35321028 -1.02962707  0.52867002 ... -0.29344663  0.1570357
  -0.68789611]
 [-0.19617614 -0.67794269 -0.17016194 ... -0.31518702 -0.15584565
  -0.06608124]]
final encoded_tweets shape: (320, 209)
final encoded_tweets: [[ 0.15325253 -0.27797813  0.70795215 ...  0.          0.
   0.        ]
 [-1.11608089 -1.11990617 -1.11670071 ...  0.          0.
   0.07692308]
 [ 1.79030846  1.48537628 -1.46676436 ...  0.25        0.
   0.        ]
 ...
 [ 0.89502823 -0.50984443  0.62074372 ...  0.          0.
   0.        ]
 [-0.35321028 -1.02962707  0.52867002 ...  0.          0.
   0.        ]
 [-0.19617614 -0.67794269 -0.17016194 ...  0.          0.
   0.        ]]
Final encoded_tweets, after feature selection, shape: (320, 209)
Evaluating model...
Scores: [0.8273348718881607, 0.7406250238418579]
Classifier summary: None
ROC: 0.7580568268497331
Continued Avg: 0.7873875039841501
[[190  38]
 [ 45  47]]
Fold #: 9
features chosen shape: (2880, 9)
features before normalization: [[0 0 0 ... 0 0 0]
 [1 0 3 ... 0 0 0]
 [0 0 0 ... 0 0 1]
 ...
 [0 0 0 ... 0 0 0]
 [2 0 0 ... 0 0 0]
 [0 0 0 ... 1 0 4]]
features after normalization: [[0.         0.         0.         ... 0.         0.         0.        ]
 [0.02173913 0.         0.00849858 ... 0.         0.         0.        ]
 [0.         0.         0.         ... 0.         0.         0.04761905]
 ...
 [0.         0.         0.         ... 0.         0.         0.        ]
 [0.04347826 0.         0.         ... 0.         0.         0.        ]
 [0.         0.         0.         ... 0.25       0.         0.19047619]]
encoded_tweets before tweets shape: (2880, 200)
before tweets extra_features shape: (2880, 9)
before encoded_tweets: [[ 0.62071243 -0.30497307  0.77561178 ...  2.19198714 -0.92597111
   0.83948096]
 [-0.71948595 -0.23657722  0.21967466 ... -0.77646101 -0.12288915
   0.64640594]
 [-0.64127815 -0.31738025  0.42521211 ... -0.06664558  0.03380072
  -0.60880449]
 ...
 [-0.17515046 -0.5809215  -0.10299724 ... -0.47945596 -0.14906996
  -0.0877777 ]
 [ 0.43018346 -0.0271467   0.82080705 ... -0.32709791 -0.20474859
   1.13940508]
 [ 0.23333135 -0.60312659 -0.22615065 ... -0.6596979  -0.82855838
   0.69462442]]
final encoded_tweets shape: (2880, 209)
final encoded_tweets: [[ 0.62071243 -0.30497307  0.77561178 ...  0.          0.
   0.        ]
 [-0.71948595 -0.23657722  0.21967466 ...  0.          0.
   0.        ]
 [-0.64127815 -0.31738025  0.42521211 ...  0.          0.
   0.04761905]
 ...
 [-0.17515046 -0.5809215  -0.10299724 ...  0.          0.
   0.        ]
 [ 0.43018346 -0.0271467   0.82080705 ...  0.          0.
   0.        ]
 [ 0.23333135 -0.60312659 -0.22615065 ...  0.25        0.
   0.19047619]]
Final encoded_tweets, after feature selection, shape: (2880, 209)
features chosen shape: (320, 9)
features before normalization: [[0 0 0 ... 1 0 0]
 [0 1 2 ... 0 0 2]
 [0 0 0 ... 0 0 0]
 ...
 [2 0 9 ... 0 0 0]
 [1 0 0 ... 1 0 0]
 [0 0 0 ... 0 0 0]]
features after normalization: [[0.         0.         0.         ... 0.25       0.         0.        ]
 [0.         0.1        0.00566572 ... 0.         0.         0.0952381 ]
 [0.         0.         0.         ... 0.         0.         0.        ]
 ...
 [0.04347826 0.         0.02549575 ... 0.         0.         0.        ]
 [0.02173913 0.         0.         ... 0.25       0.         0.        ]
 [0.         0.         0.         ... 0.         0.         0.        ]]
encoded_tweets before tweets shape: (320, 200)
before tweets extra_features shape: (320, 9)
before encoded_tweets: [[-0.54787058  0.18278518 -0.76772568 ...  0.91370167  0.74844506
   0.44044489]
 [-0.5431109   0.43023844  0.40048088 ...  0.96526429 -1.08768958
  -1.16751517]
 [-0.01525213 -0.85383112  0.11836331 ... -1.8103586  -1.60270006
  -0.67559805]
 ...
 [-0.75394991  0.74083768 -2.05917137 ... -1.17412601  0.34673009
   0.61069651]
 [ 0.68327705  1.68451541 -5.44253077 ...  1.47403759  0.5773871
   4.03911421]
 [-0.22159083 -0.60974336  0.88098556 ...  0.54251867 -0.46672665
  -0.46088588]]
final encoded_tweets shape: (320, 209)
final encoded_tweets: [[-0.54787058  0.18278518 -0.76772568 ...  0.25        0.
   0.        ]
 [-0.5431109   0.43023844  0.40048088 ...  0.          0.
   0.0952381 ]
 [-0.01525213 -0.85383112  0.11836331 ...  0.          0.
   0.        ]
 ...
 [-0.75394991  0.74083768 -2.05917137 ...  0.          0.
   0.        ]
 [ 0.68327705  1.68451541 -5.44253077 ...  0.25        0.
   0.        ]
 [-0.22159083 -0.60974336  0.88098556 ...  0.          0.
   0.        ]]
Final encoded_tweets, after feature selection, shape: (320, 209)
Evaluating model...
Scores: [0.7001777023077012, 0.765625]
Classifier summary: None
ROC: 0.7852657004830919
Continued Avg: 0.7871517480395881
[[202  28]
 [ 47  43]]
Fold #: 10
features chosen shape: (2880, 9)
features before normalization: [[0 0 0 ... 0 0 0]
 [1 0 3 ... 0 0 0]
 [0 0 0 ... 0 0 1]
 ...
 [0 0 0 ... 0 0 0]
 [2 0 0 ... 0 0 0]
 [0 0 0 ... 1 0 4]]
features after normalization: [[0.         0.         0.         ... 0.         0.         0.        ]
 [0.02173913 0.         0.00928793 ... 0.         0.         0.        ]
 [0.         0.         0.         ... 0.         0.         0.04761905]
 ...
 [0.         0.         0.         ... 0.         0.         0.        ]
 [0.04347826 0.         0.         ... 0.         0.         0.        ]
 [0.         0.         0.         ... 0.25       0.         0.19047619]]
encoded_tweets before tweets shape: (2880, 200)
before tweets extra_features shape: (2880, 9)
before encoded_tweets: [[ 0.62973523 -0.32096778  0.80897308 ...  2.2101342  -0.91878828
   0.85501853]
 [-0.72500134 -0.26096491  0.24036456 ... -0.76840839 -0.09837567
   0.65601623]
 [-0.64975465 -0.3205235   0.44201847 ... -0.07078465  0.05986201
  -0.61522612]
 ...
 [-0.18221199 -0.5993655  -0.09328502 ... -0.488226   -0.13058813
  -0.09006983]
 [ 0.42886994 -0.04131064  0.85592444 ... -0.34626196 -0.19338582
   1.14017821]
 [ 0.06792129 -0.7489168  -0.83775673 ... -0.55939272 -0.80295858
   0.75889444]]
final encoded_tweets shape: (2880, 209)
final encoded_tweets: [[ 0.62973523 -0.32096778  0.80897308 ...  0.          0.
   0.        ]
 [-0.72500134 -0.26096491  0.24036456 ...  0.          0.
   0.        ]
 [-0.64975465 -0.3205235   0.44201847 ...  0.          0.
   0.04761905]
 ...
 [-0.18221199 -0.5993655  -0.09328502 ...  0.          0.
   0.        ]
 [ 0.42886994 -0.04131064  0.85592444 ...  0.          0.
   0.        ]
 [ 0.06792129 -0.7489168  -0.83775673 ...  0.25        0.
   0.19047619]]
Final encoded_tweets, after feature selection, shape: (2880, 209)
features chosen shape: (320, 9)
features before normalization: [[1 0 0 ... 0 0 0]
 [0 1 0 ... 0 0 0]
 [1 0 0 ... 0 0 0]
 ...
 [0 0 0 ... 0 0 0]
 [0 0 1 ... 1 0 0]
 [1 0 0 ... 1 0 0]]
features after normalization: [[0.02173913 0.         0.         ... 0.         0.         0.        ]
 [0.         0.1        0.         ... 0.         0.         0.        ]
 [0.02173913 0.         0.         ... 0.         0.         0.        ]
 ...
 [0.         0.         0.         ... 0.         0.         0.        ]
 [0.         0.         0.00309598 ... 0.25       0.         0.        ]
 [0.02173913 0.         0.         ... 0.25       0.         0.        ]]
encoded_tweets before tweets shape: (320, 200)
before tweets extra_features shape: (320, 9)
before encoded_tweets: [[-3.54697633e-01 -3.19214065e-01  6.09824243e-01 ...  4.46237549e-01
   3.11682790e-01 -7.05314997e-01]
 [ 1.33190937e+00  5.42651758e-01 -4.12349164e-01 ...  1.35234304e-01
  -1.50880833e+00 -8.85414514e-01]
 [-1.26319633e+00  1.13296981e+00 -9.95388067e-01 ...  1.15361240e-01
   3.64203891e-01  3.72510270e-03]
 ...
 [-4.25034952e+00  1.39661705e+00  1.75122397e+00 ... -5.95452490e-01
  -8.84575395e-01 -4.64610685e+00]
 [-1.69643257e-01  6.65729457e-01 -1.69990481e+00 ... -8.26222088e-01
   1.11732593e+00 -7.46044258e-01]
 [ 5.05906051e-01  1.35972066e-01  3.30554183e-01 ...  6.96375188e-01
   3.75952570e-01  2.88511362e-01]]
final encoded_tweets shape: (320, 209)
final encoded_tweets: [[-0.35469763 -0.31921406  0.60982424 ...  0.          0.
   0.        ]
 [ 1.33190937  0.54265176 -0.41234916 ...  0.          0.
   0.        ]
 [-1.26319633  1.13296981 -0.99538807 ...  0.          0.
   0.        ]
 ...
 [-4.25034952  1.39661705  1.75122397 ...  0.          0.
   0.        ]
 [-0.16964326  0.66572946 -1.69990481 ...  0.25        0.
   0.        ]
 [ 0.50590605  0.13597207  0.33055418 ...  0.25        0.
   0.        ]]
Final encoded_tweets, after feature selection, shape: (320, 209)
Evaluating model...
Scores: [0.584721228480339, 0.784375011920929]
Classifier summary: None
ROC: 0.8205262881453859
Continued Avg: 0.7904892020501679
[[206  35]
 [ 34  45]]
Average Precision: 0.5618018260966583
Average Accuracy: 0.7665624999999999
Average Recall: 0.5212215878693086
Average F1-score: 0.5383781871832364
Average ROC:0.7904892020501679
