Fold #: 1
features chosen shape: (2566, 11)
features before normalization: [[ 1.     0.     0.    ...  0.168  0.     0.   ]
 [ 2.     0.     0.    ...  0.     0.     0.   ]
 [ 1.     1.     0.    ... -0.776  1.     0.   ]
 ...
 [ 0.     0.     0.    ...  0.681  1.     0.   ]
 [ 1.     0.     1.    ... -0.402  0.     0.   ]
 [ 5.     0.     0.    ... -0.637  0.     1.   ]]
features after normalization: [[0.022 0.    0.    ... 0.588 0.    0.   ]
 [0.043 0.    0.    ... 0.503 0.    0.   ]
 [0.022 0.1   0.    ... 0.108 0.2   0.   ]
 ...
 [0.    0.    0.    ... 0.849 0.2   0.   ]
 [0.022 0.    0.143 ... 0.298 0.    0.   ]
 [0.109 0.    0.    ... 0.179 0.    0.2  ]]
encoded_tweets before tweets shape: (2566, 100)
before tweets extra_features shape: (2566, 11)
before encoded_tweets: [[ 0.005 -0.002  0.006 ... -0.014  0.006  0.003]
 [ 0.005  0.001 -0.001 ... -0.002  0.003 -0.002]
 [-0.002 -0.009 -0.002 ... -0.008  0.005  0.003]
 ...
 [ 0.007 -0.008  0.003 ... -0.016  0.002  0.001]
 [-0.002 -0.003 -0.003 ... -0.005  0.003  0.004]
 [ 0.003  0.001  0.002 ... -0.002 -0.002 -0.005]]
final encoded_tweets shape: (2566, 111)
final encoded_tweets: [[ 0.005 -0.002  0.006 ...  0.588  0.     0.   ]
 [ 0.005  0.001 -0.001 ...  0.503  0.     0.   ]
 [-0.002 -0.009 -0.002 ...  0.108  0.2    0.   ]
 ...
 [ 0.007 -0.008  0.003 ...  0.849  0.2    0.   ]
 [-0.002 -0.003 -0.003 ...  0.298  0.     0.   ]
 [ 0.003  0.001  0.002 ...  0.179  0.     0.2  ]]
Final encoded_tweets, after feature selection, shape: (2566, 111)
features chosen shape: (286, 11)
features before normalization: [[ 0.     2.     0.    ...  0.647  0.     0.   ]
 [ 0.     0.     0.    ... -0.36   0.     1.   ]
 [ 0.     0.     0.    ... -0.414  2.     0.   ]
 ...
 [ 4.     0.     0.    ...  0.361  0.     0.   ]
 [ 1.     0.     0.    ...  0.     0.     0.   ]
 [ 1.     0.     0.    ...  0.574  0.     0.   ]]
features after normalization: [[0.    0.2   0.    ... 0.831 0.    0.   ]
 [0.    0.    0.    ... 0.32  0.    0.2  ]
 [0.    0.    0.    ... 0.292 0.4   0.   ]
 ...
 [0.087 0.    0.    ... 0.686 0.    0.   ]
 [0.022 0.    0.    ... 0.503 0.    0.   ]
 [0.022 0.    0.    ... 0.794 0.    0.   ]]
encoded_tweets before tweets shape: (286, 100)
before tweets extra_features shape: (286, 11)
before encoded_tweets: [[ 2.451e-02 -9.971e-02  3.445e-02 ... -1.653e-01  5.632e-02 -1.815e-05]
 [ 1.251e-02 -3.109e-02  1.049e-02 ... -5.497e-02  1.768e-02 -2.942e-03]
 [ 6.723e-03 -3.372e-02  1.590e-02 ... -5.703e-02  2.226e-02  7.823e-04]
 ...
 [ 2.422e-02 -6.600e-02  2.293e-02 ... -1.156e-01  3.470e-02 -5.661e-03]
 [ 9.249e-03 -2.306e-02  8.033e-03 ... -4.153e-02  1.380e-02  2.414e-03]
 [ 2.297e-02 -6.774e-02  2.585e-02 ... -1.177e-01  3.327e-02 -7.676e-03]]
final encoded_tweets shape: (286, 111)
final encoded_tweets: [[ 0.025 -0.1    0.034 ...  0.831  0.     0.   ]
 [ 0.013 -0.031  0.01  ...  0.32   0.     0.2  ]
 [ 0.007 -0.034  0.016 ...  0.292  0.4    0.   ]
 ...
 [ 0.024 -0.066  0.023 ...  0.686  0.     0.   ]
 [ 0.009 -0.023  0.008 ...  0.503  0.     0.   ]
 [ 0.023 -0.068  0.026 ...  0.794  0.     0.   ]]
Final encoded_tweets, after feature selection, shape: (286, 111)
Evaluating model...
ROC: 0.546595883862527
Continued Avg: 0.546595883862527
[[ 31 136]
 [ 11 108]]
Fold #: 2
features chosen shape: (2566, 11)
features before normalization: [[ 1.     0.     0.    ...  0.168  0.     0.   ]
 [ 1.     1.     0.    ... -0.776  1.     0.   ]
 [ 1.     0.     0.    ... -0.582  1.     0.   ]
 ...
 [ 0.     0.     0.    ...  0.681  1.     0.   ]
 [ 1.     0.     1.    ... -0.402  0.     0.   ]
 [ 5.     0.     0.    ... -0.637  0.     1.   ]]
features after normalization: [[0.022 0.    0.    ... 0.591 0.    0.   ]
 [0.022 0.1   0.    ... 0.108 0.2   0.   ]
 [0.022 0.    0.    ... 0.208 0.2   0.   ]
 ...
 [0.    0.    0.    ... 0.852 0.2   0.   ]
 [0.022 0.    0.143 ... 0.3   0.    0.   ]
 [0.109 0.    0.    ... 0.179 0.    0.2  ]]
encoded_tweets before tweets shape: (2566, 100)
before tweets extra_features shape: (2566, 11)
before encoded_tweets: [[ 3.433e-03  1.750e-03  4.089e-03 ... -7.077e-03  6.929e-03  1.923e-03]
 [ 3.142e-03 -9.341e-04 -3.094e-03 ... -3.352e-03  9.162e-03 -5.051e-03]
 [-4.492e-03 -2.370e-02 -5.097e-03 ... -2.739e-02  3.073e-02 -6.937e-03]
 ...
 [ 4.256e-03 -9.984e-03 -7.666e-04 ... -1.559e-02  1.445e-02 -3.540e-03]
 [-2.370e-03 -3.153e-03 -3.257e-03 ... -4.890e-03  4.199e-03  3.668e-03]
 [ 2.295e-03  9.628e-04  6.021e-04 ... -8.098e-04  1.191e-05 -5.904e-03]]
final encoded_tweets shape: (2566, 111)
final encoded_tweets: [[ 3.433e-03  1.750e-03  4.089e-03 ...  5.906e-01  0.000e+00  0.000e+00]
 [ 3.142e-03 -9.341e-04 -3.094e-03 ...  1.083e-01  2.000e-01  0.000e+00]
 [-4.492e-03 -2.370e-02 -5.097e-03 ...  2.078e-01  2.000e-01  0.000e+00]
 ...
 [ 4.256e-03 -9.984e-03 -7.666e-04 ...  8.524e-01  2.000e-01  0.000e+00]
 [-2.370e-03 -3.153e-03 -3.257e-03 ...  2.995e-01  0.000e+00  0.000e+00]
 [ 2.295e-03  9.628e-04  6.021e-04 ...  1.793e-01  0.000e+00  2.000e-01]]
Final encoded_tweets, after feature selection, shape: (2566, 111)
features chosen shape: (286, 11)
features before normalization: [[ 2.     0.     0.    ...  0.     0.     0.   ]
 [ 0.     1.     1.    ... -0.316  0.     0.   ]
 [ 0.     2.     1.    ...  0.54   0.     0.   ]
 ...
 [ 1.     0.     0.    ... -0.612  0.     1.   ]
 [ 1.     0.     0.    ... -0.527  1.     0.   ]
 [ 0.     1.     0.    ...  0.341  1.     0.   ]]
features after normalization: [[0.043 0.    0.    ... 0.505 0.    0.   ]
 [0.    0.1   0.143 ... 0.343 0.    0.   ]
 [0.    0.2   0.143 ... 0.78  0.    0.   ]
 ...
 [0.022 0.    0.    ... 0.193 0.    0.2  ]
 [0.022 0.    0.    ... 0.236 0.2   0.   ]
 [0.    0.1   0.    ... 0.679 0.2   0.   ]]
encoded_tweets before tweets shape: (286, 100)
before tweets extra_features shape: (286, 11)
before encoded_tweets: [[ 0.003  0.004 -0.003 ... -0.001  0.001 -0.002]
 [ 0.003 -0.029 -0.002 ... -0.035  0.042 -0.011]
 [-0.003 -0.01  -0.006 ... -0.018  0.025 -0.007]
 ...
 [-0.001 -0.017  0.004 ... -0.016  0.023 -0.002]
 [-0.003 -0.026 -0.001 ... -0.042  0.048 -0.012]
 [ 0.001 -0.023 -0.004 ... -0.042  0.044 -0.011]]
final encoded_tweets shape: (286, 111)
final encoded_tweets: [[ 3.074e-03  4.319e-03 -3.228e-03 ...  5.048e-01  0.000e+00  0.000e+00]
 [ 2.749e-03 -2.915e-02 -1.653e-03 ...  3.432e-01  0.000e+00  0.000e+00]
 [-3.064e-03 -9.750e-03 -5.624e-03 ...  7.805e-01  0.000e+00  0.000e+00]
 ...
 [-1.401e-03 -1.684e-02  3.891e-03 ...  1.925e-01  0.000e+00  2.000e-01]
 [-3.077e-03 -2.604e-02 -7.322e-04 ...  2.358e-01  2.000e-01  0.000e+00]
 [ 1.417e-03 -2.295e-02 -4.171e-03 ...  6.790e-01  2.000e-01  0.000e+00]]
Final encoded_tweets, after feature selection, shape: (286, 111)
Evaluating model...
ROC: 0.5533254332691453
Continued Avg: 0.5499606585658361
[[ 35 122]
 [ 15 114]]
Fold #: 3
features chosen shape: (2567, 11)
features before normalization: [[ 1.     0.     0.    ...  0.168  0.     0.   ]
 [ 2.     0.     0.    ...  0.     0.     0.   ]
 [ 1.     0.     0.    ... -0.582  1.     0.   ]
 ...
 [ 0.     0.     1.    ...  0.89   0.     0.   ]
 [ 0.     0.     0.    ...  0.681  1.     0.   ]
 [ 5.     0.     0.    ... -0.637  0.     1.   ]]
features after normalization: [[0.037 0.    0.    ... 0.588 0.    0.   ]
 [0.074 0.    0.    ... 0.503 0.    0.   ]
 [0.037 0.    0.    ... 0.207 0.2   0.   ]
 ...
 [0.    0.    0.143 ... 0.955 0.    0.   ]
 [0.    0.    0.    ... 0.849 0.2   0.   ]
 [0.185 0.    0.    ... 0.179 0.    0.2  ]]
encoded_tweets before tweets shape: (2567, 100)
before tweets extra_features shape: (2567, 11)
before encoded_tweets: [[ 0.002  0.001  0.005 ... -0.009  0.006  0.003]
 [ 0.003  0.005 -0.003 ...  0.004  0.001 -0.002]
 [-0.011 -0.022 -0.001 ... -0.028  0.018  0.   ]
 ...
 [-0.004 -0.007 -0.002 ... -0.012  0.007  0.003]
 [-0.002 -0.005  0.003 ... -0.012  0.004 -0.007]
 [-0.002 -0.     0.001 ... -0.008  0.001 -0.003]]
final encoded_tweets shape: (2567, 111)
final encoded_tweets: [[ 2.403e-03  5.792e-04  4.806e-03 ...  5.879e-01  0.000e+00  0.000e+00]
 [ 3.195e-03  4.501e-03 -2.738e-03 ...  5.025e-01  0.000e+00  0.000e+00]
 [-1.139e-02 -2.157e-02 -1.049e-03 ...  2.069e-01  2.000e-01  0.000e+00]
 ...
 [-4.458e-03 -7.380e-03 -2.234e-03 ...  9.551e-01  0.000e+00  0.000e+00]
 [-1.568e-03 -5.372e-03  2.797e-03 ...  8.486e-01  2.000e-01  0.000e+00]
 [-1.750e-03 -3.674e-04  1.312e-03 ...  1.785e-01  0.000e+00  2.000e-01]]
Final encoded_tweets, after feature selection, shape: (2567, 111)
features chosen shape: (285, 11)
features before normalization: [[ 1.     1.     0.    ... -0.776  1.     0.   ]
 [ 5.     0.     0.    ... -0.735  0.     1.   ]
 [ 1.     0.     0.    ...  0.765  1.     0.   ]
 ...
 [ 0.     1.     0.    ...  0.38   0.     0.   ]
 [ 0.     0.     0.    ...  0.     0.     0.   ]
 [ 1.     0.     1.    ... -0.402  0.     0.   ]]
features after normalization: [[0.037 0.1   0.    ... 0.108 0.2   0.   ]
 [0.185 0.    0.    ... 0.129 0.    0.2  ]
 [0.037 0.    0.    ... 0.891 0.2   0.   ]
 ...
 [0.    0.1   0.    ... 0.696 0.    0.   ]
 [0.    0.    0.    ... 0.503 0.    0.   ]
 [0.037 0.    0.143 ... 0.298 0.    0.   ]]
encoded_tweets before tweets shape: (285, 100)
before tweets extra_features shape: (285, 11)
before encoded_tweets: [[-0.003 -0.019  0.008 ... -0.026  0.015 -0.002]
 [-0.027 -0.061  0.014 ... -0.089  0.047 -0.009]
 [-0.01  -0.013  0.004 ... -0.028  0.011 -0.007]
 ...
 [-0.017 -0.029  0.003 ... -0.049  0.022 -0.003]
 [-0.009 -0.015 -0.001 ... -0.017  0.013 -0.006]
 [-0.008 -0.007 -0.003 ... -0.013  0.005  0.001]]
final encoded_tweets shape: (285, 111)
final encoded_tweets: [[-0.003 -0.019  0.008 ...  0.108  0.2    0.   ]
 [-0.027 -0.061  0.014 ...  0.129  0.     0.2  ]
 [-0.01  -0.013  0.004 ...  0.891  0.2    0.   ]
 ...
 [-0.017 -0.029  0.003 ...  0.696  0.     0.   ]
 [-0.009 -0.015 -0.001 ...  0.503  0.     0.   ]
 [-0.008 -0.007 -0.003 ...  0.298  0.     0.   ]]
Final encoded_tweets, after feature selection, shape: (285, 111)
Evaluating model...
ROC: 0.5881818181818181
Continued Avg: 0.5627010451044968
[[ 42 133]
 [  7 103]]
Fold #: 4
features chosen shape: (2567, 11)
features before normalization: [[ 1.     0.     0.    ...  0.168  0.     0.   ]
 [ 2.     0.     0.    ...  0.     0.     0.   ]
 [ 1.     1.     0.    ... -0.776  1.     0.   ]
 ...
 [ 0.     0.     0.    ...  0.681  1.     0.   ]
 [ 1.     0.     1.    ... -0.402  0.     0.   ]
 [ 5.     0.     0.    ... -0.637  0.     1.   ]]
features after normalization: [[0.022 0.    0.    ... 0.588 0.    0.   ]
 [0.043 0.    0.    ... 0.503 0.    0.   ]
 [0.022 0.1   0.    ... 0.108 0.2   0.   ]
 ...
 [0.    0.    0.    ... 0.849 0.2   0.   ]
 [0.022 0.    0.143 ... 0.298 0.    0.   ]
 [0.109 0.    0.    ... 0.179 0.    0.2  ]]
encoded_tweets before tweets shape: (2567, 100)
before tweets extra_features shape: (2567, 11)
before encoded_tweets: [[ 0.006  0.001  0.005 ... -0.009  0.008  0.001]
 [ 0.003  0.006 -0.003 ...  0.006 -0.    -0.001]
 [-0.002 -0.007 -0.002 ... -0.005  0.007  0.   ]
 ...
 [ 0.004 -0.014  0.002 ... -0.025  0.021 -0.006]
 [ 0.003  0.002  0.002 ... -0.    -0.001 -0.006]
 [-0.001 -0.001  0.002 ... -0.009  0.003 -0.004]]
final encoded_tweets shape: (2567, 111)
final encoded_tweets: [[ 5.798e-03  9.680e-04  5.329e-03 ...  5.879e-01  0.000e+00  0.000e+00]
 [ 2.789e-03  5.740e-03 -2.860e-03 ...  5.025e-01  0.000e+00  0.000e+00]
 [-2.142e-03 -6.852e-03 -1.995e-03 ...  1.078e-01  2.000e-01  0.000e+00]
 ...
 [ 4.016e-03 -1.421e-02  2.152e-03 ...  8.486e-01  2.000e-01  0.000e+00]
 [ 3.338e-03  1.674e-03  1.614e-03 ...  2.982e-01  0.000e+00  0.000e+00]
 [-5.155e-04 -7.027e-04  2.294e-03 ...  1.785e-01  0.000e+00  2.000e-01]]
Final encoded_tweets, after feature selection, shape: (2567, 111)
features chosen shape: (285, 11)
features before normalization: [[ 1.     1.     0.    ...  0.944  0.     0.   ]
 [ 0.     0.     0.    ...  0.361  0.     0.   ]
 [ 4.     0.     0.    ... -0.89   0.     1.   ]
 ...
 [ 0.     0.     0.    ... -0.836  0.     1.   ]
 [ 3.     0.     0.    ... -0.755  0.     2.   ]
 [ 2.     2.     0.    ... -0.433  0.     1.   ]]
features after normalization: [[0.022 0.1   0.    ... 0.982 0.    0.   ]
 [0.    0.    0.    ... 0.686 0.    0.   ]
 [0.087 0.    0.    ... 0.05  0.    0.2  ]
 ...
 [0.    0.    0.    ... 0.078 0.    0.2  ]
 [0.065 0.    0.    ... 0.119 0.    0.4  ]
 [0.043 0.2   0.    ... 0.282 0.    0.2  ]]
encoded_tweets before tweets shape: (285, 100)
before tweets extra_features shape: (285, 11)
before encoded_tweets: [[ 0.015 -0.03   0.01  ... -0.054  0.047 -0.027]
 [ 0.012 -0.021  0.015 ... -0.045  0.034 -0.019]
 [ 0.015 -0.035  0.014 ... -0.058  0.044 -0.025]
 ...
 [ 0.021 -0.033  0.017 ... -0.048  0.041 -0.019]
 [ 0.023 -0.047  0.015 ... -0.076  0.06  -0.038]
 [ 0.012 -0.026  0.012 ... -0.042  0.038 -0.019]]
final encoded_tweets shape: (285, 111)
final encoded_tweets: [[ 0.015 -0.03   0.01  ...  0.982  0.     0.   ]
 [ 0.012 -0.021  0.015 ...  0.686  0.     0.   ]
 [ 0.015 -0.035  0.014 ...  0.05   0.     0.2  ]
 ...
 [ 0.021 -0.033  0.017 ...  0.078  0.     0.2  ]
 [ 0.023 -0.047  0.015 ...  0.119  0.     0.4  ]
 [ 0.012 -0.026  0.012 ...  0.282  0.     0.2  ]]
Final encoded_tweets, after feature selection, shape: (285, 111)
Evaluating model...
ROC: 0.5576519916142557
Continued Avg: 0.5614387817319365
[[ 36 123]
 [ 14 112]]
Fold #: 5
features chosen shape: (2567, 11)
features before normalization: [[ 1.     0.     0.    ...  0.168  0.     0.   ]
 [ 2.     0.     0.    ...  0.     0.     0.   ]
 [ 1.     1.     0.    ... -0.776  1.     0.   ]
 ...
 [ 0.     0.     0.    ...  0.681  1.     0.   ]
 [ 1.     0.     1.    ... -0.402  0.     0.   ]
 [ 5.     0.     0.    ... -0.637  0.     1.   ]]
features after normalization: [[0.022 0.    0.    ... 0.588 0.    0.   ]
 [0.043 0.    0.    ... 0.503 0.    0.   ]
 [0.022 0.1   0.    ... 0.108 0.2   0.   ]
 ...
 [0.    0.    0.    ... 0.849 0.2   0.   ]
 [0.022 0.    0.143 ... 0.298 0.    0.   ]
 [0.109 0.    0.    ... 0.179 0.    0.2  ]]
encoded_tweets before tweets shape: (2567, 100)
before tweets extra_features shape: (2567, 11)
before encoded_tweets: [[ 0.003  0.003  0.004 ... -0.005  0.004  0.004]
 [ 0.003  0.004 -0.003 ...  0.004  0.001 -0.002]
 [-0.005 -0.009 -0.003 ... -0.006  0.004  0.006]
 ...
 [-0.005 -0.013 -0.002 ... -0.018  0.007  0.012]
 [ 0.002  0.002  0.001 ...  0.001 -0.003 -0.004]
 [-0.001  0.001  0.001 ... -0.006 -0.    -0.002]]
final encoded_tweets shape: (2567, 111)
final encoded_tweets: [[ 3.246e-03  2.764e-03  4.236e-03 ...  5.879e-01  0.000e+00  0.000e+00]
 [ 3.285e-03  4.196e-03 -2.609e-03 ...  5.025e-01  0.000e+00  0.000e+00]
 [-4.984e-03 -8.895e-03 -2.624e-03 ...  1.078e-01  2.000e-01  0.000e+00]
 ...
 [-5.190e-03 -1.343e-02 -1.868e-03 ...  8.486e-01  2.000e-01  0.000e+00]
 [ 2.267e-03  2.228e-03  1.232e-03 ...  2.982e-01  0.000e+00  0.000e+00]
 [-1.415e-03  6.474e-04  1.106e-03 ...  1.785e-01  0.000e+00  2.000e-01]]
Final encoded_tweets, after feature selection, shape: (2567, 111)
features chosen shape: (285, 11)
features before normalization: [[ 0.     0.     0.    ...  0.169  0.     2.   ]
 [ 1.     2.     0.    ...  0.82   0.     0.   ]
 [ 0.     0.     0.    ...  0.     0.     0.   ]
 ...
 [ 0.     0.     0.    ...  0.     0.     0.   ]
 [ 0.     0.     0.    ...  0.     0.     0.   ]
 [ 3.     4.     0.    ... -0.625  0.     0.   ]]
features after normalization: [[0.    0.    0.    ... 0.588 0.    0.4  ]
 [0.022 0.2   0.    ... 0.919 0.    0.   ]
 [0.    0.    0.    ... 0.503 0.    0.   ]
 ...
 [0.    0.    0.    ... 0.503 0.    0.   ]
 [0.    0.    0.    ... 0.503 0.    0.   ]
 [0.065 0.4   0.    ... 0.185 0.    0.   ]]
encoded_tweets before tweets shape: (285, 100)
before tweets extra_features shape: (285, 11)
before encoded_tweets: [[-0.006 -0.04   0.004 ... -0.053  0.014  0.029]
 [-0.006 -0.027  0.003 ... -0.027  0.014  0.012]
 [-0.011 -0.03   0.005 ... -0.033  0.013  0.014]
 ...
 [-0.008 -0.037  0.004 ... -0.042  0.012  0.017]
 [-0.006 -0.007  0.    ... -0.005  0.003  0.007]
 [-0.001 -0.024  0.002 ... -0.029  0.004  0.012]]
final encoded_tweets shape: (285, 111)
final encoded_tweets: [[-6.021e-03 -3.963e-02  3.858e-03 ...  5.884e-01  0.000e+00  4.000e-01]
 [-6.144e-03 -2.682e-02  2.697e-03 ...  9.193e-01  0.000e+00  0.000e+00]
 [-1.119e-02 -3.029e-02  4.641e-03 ...  5.025e-01  0.000e+00  0.000e+00]
 ...
 [-8.358e-03 -3.680e-02  3.697e-03 ...  5.025e-01  0.000e+00  0.000e+00]
 [-5.951e-03 -7.076e-03  4.831e-04 ...  5.025e-01  0.000e+00  0.000e+00]
 [-1.288e-03 -2.411e-02  1.744e-03 ...  1.848e-01  0.000e+00  0.000e+00]]
Final encoded_tweets, after feature selection, shape: (285, 111)
Evaluating model...
ROC: 0.52925
Continued Avg: 0.5550010253855492
[[ 26 134]
 [ 13 112]]
Fold #: 6
features chosen shape: (2567, 11)
features before normalization: [[ 1.     0.     0.    ...  0.168  0.     0.   ]
 [ 2.     0.     0.    ...  0.     0.     0.   ]
 [ 1.     1.     0.    ... -0.776  1.     0.   ]
 ...
 [ 0.     0.     0.    ...  0.681  1.     0.   ]
 [ 1.     0.     1.    ... -0.402  0.     0.   ]
 [ 5.     0.     0.    ... -0.637  0.     1.   ]]
features after normalization: [[0.022 0.    0.    ... 0.588 0.    0.   ]
 [0.043 0.    0.    ... 0.503 0.    0.   ]
 [0.022 0.1   0.    ... 0.108 0.2   0.   ]
 ...
 [0.    0.    0.    ... 0.849 0.2   0.   ]
 [0.022 0.    0.143 ... 0.298 0.    0.   ]
 [0.109 0.    0.    ... 0.179 0.    0.2  ]]
encoded_tweets before tweets shape: (2567, 100)
before tweets extra_features shape: (2567, 11)
before encoded_tweets: [[ 0.003 -0.001  0.006 ... -0.009  0.009 -0.001]
 [ 0.003  0.003 -0.002 ...  0.003  0.002 -0.003]
 [-0.005 -0.011 -0.    ... -0.008  0.011 -0.002]
 ...
 [-0.006 -0.02   0.004 ... -0.023  0.024 -0.007]
 [ 0.002  0.002  0.002 ...  0.001 -0.002 -0.006]
 [-0.001 -0.001  0.002 ... -0.008  0.003 -0.004]]
final encoded_tweets shape: (2567, 111)
final encoded_tweets: [[ 2.760e-03 -1.027e-03  5.858e-03 ...  5.879e-01  0.000e+00  0.000e+00]
 [ 3.139e-03  3.267e-03 -2.024e-03 ...  5.025e-01  0.000e+00  0.000e+00]
 [-4.907e-03 -1.138e-02 -2.150e-04 ...  1.078e-01  2.000e-01  0.000e+00]
 ...
 [-5.944e-03 -1.999e-02  3.692e-03 ...  8.486e-01  2.000e-01  0.000e+00]
 [ 2.180e-03  1.739e-03  1.533e-03 ...  2.982e-01  0.000e+00  0.000e+00]
 [-1.354e-03 -1.389e-03  2.156e-03 ...  1.785e-01  0.000e+00  2.000e-01]]
Final encoded_tweets, after feature selection, shape: (2567, 111)
features chosen shape: (285, 11)
features before normalization: [[ 0.     0.     0.    ...  0.586  0.     0.   ]
 [ 2.     0.     0.    ...  0.137  0.     0.   ]
 [ 0.     0.     0.    ... -0.844  0.     2.   ]
 ...
 [ 0.     0.     0.    ... -0.052  0.     0.   ]
 [ 1.     0.     0.    ...  0.459  0.     0.   ]
 [ 1.     1.     0.    ... -0.611  0.     1.   ]]
features after normalization: [[0.    0.    0.    ... 0.8   0.    0.   ]
 [0.043 0.    0.    ... 0.572 0.    0.   ]
 [0.    0.    0.    ... 0.073 0.    0.4  ]
 ...
 [0.    0.    0.    ... 0.476 0.    0.   ]
 [0.022 0.    0.    ... 0.736 0.    0.   ]
 [0.022 0.1   0.    ... 0.192 0.    0.2  ]]
encoded_tweets before tweets shape: (285, 100)
before tweets extra_features shape: (285, 11)
before encoded_tweets: [[-0.008 -0.035  0.013 ... -0.038  0.041 -0.018]
 [-0.005 -0.041  0.012 ... -0.051  0.048 -0.025]
 [-0.006 -0.04   0.018 ... -0.047  0.053 -0.028]
 ...
 [-0.018 -0.095  0.038 ... -0.103  0.116 -0.06 ]
 [-0.001 -0.013  0.001 ... -0.021  0.014 -0.01 ]
 [-0.001 -0.006 -0.001 ... -0.012  0.007 -0.008]]
final encoded_tweets shape: (285, 111)
final encoded_tweets: [[-8.315e-03 -3.490e-02  1.327e-02 ...  8.004e-01  0.000e+00  0.000e+00]
 [-4.708e-03 -4.148e-02  1.197e-02 ...  5.723e-01  0.000e+00  0.000e+00]
 [-6.285e-03 -3.992e-02  1.783e-02 ...  7.336e-02  0.000e+00  4.000e-01]
 ...
 [-1.847e-02 -9.501e-02  3.824e-02 ...  4.763e-01  0.000e+00  0.000e+00]
 [-9.947e-04 -1.264e-02  1.263e-03 ...  7.358e-01  0.000e+00  0.000e+00]
 [-1.346e-03 -5.713e-03 -7.453e-04 ...  1.917e-01  0.000e+00  2.000e-01]]
Final encoded_tweets, after feature selection, shape: (285, 111)
Evaluating model...
ROC: 0.5584161397169527
Continued Avg: 0.5555702111074498
[[ 40 122]
 [ 16 107]]
Fold #: 7
features chosen shape: (2567, 11)
features before normalization: [[ 2.     0.     0.    ...  0.     0.     0.   ]
 [ 1.     1.     0.    ... -0.776  1.     0.   ]
 [ 1.     0.     0.    ... -0.582  1.     0.   ]
 ...
 [ 0.     0.     1.    ...  0.89   0.     0.   ]
 [ 0.     0.     0.    ...  0.681  1.     0.   ]
 [ 1.     0.     1.    ... -0.402  0.     0.   ]]
features after normalization: [[0.043 0.    0.    ... 0.5   0.    0.   ]
 [0.022 0.1   0.    ... 0.103 0.25  0.   ]
 [0.022 0.    0.    ... 0.203 0.25  0.   ]
 ...
 [0.    0.    0.143 ... 0.955 0.    0.   ]
 [0.    0.    0.    ... 0.848 0.25  0.   ]
 [0.022 0.    0.143 ... 0.295 0.    0.   ]]
encoded_tweets before tweets shape: (2567, 100)
before tweets extra_features shape: (2567, 11)
before encoded_tweets: [[ 0.004  0.004  0.004 ... -0.004  0.003  0.003]
 [ 0.003  0.006 -0.001 ... -0.007  0.008 -0.005]
 [-0.007 -0.001  0.004 ... -0.037  0.028 -0.008]
 ...
 [-0.003 -0.002 -0.002 ... -0.009  0.007  0.002]
 [ 0.001  0.005  0.005 ... -0.019  0.012 -0.011]
 [-0.001  0.002  0.001 ... -0.008  0.002 -0.004]]
final encoded_tweets shape: (2567, 111)
final encoded_tweets: [[ 3.768e-03  4.270e-03  4.230e-03 ...  5.000e-01  0.000e+00  0.000e+00]
 [ 2.626e-03  5.590e-03 -5.435e-04 ...  1.033e-01  2.500e-01  0.000e+00]
 [-6.566e-03 -8.371e-04  4.047e-03 ...  2.029e-01  2.500e-01  0.000e+00]
 ...
 [-2.805e-03 -1.520e-03 -2.113e-03 ...  9.549e-01  0.000e+00  0.000e+00]
 [ 8.310e-04  4.871e-03  5.232e-03 ...  8.478e-01  2.500e-01  0.000e+00]
 [-1.255e-03  1.753e-03  1.386e-03 ...  2.946e-01  0.000e+00  0.000e+00]]
Final encoded_tweets, after feature selection, shape: (2567, 111)
features chosen shape: (285, 11)
features before normalization: [[ 1.     0.     0.    ...  0.168  0.     0.   ]
 [ 2.     0.     0.    ... -0.511  0.     0.   ]
 [ 0.     0.     0.    ... -0.612  0.     0.   ]
 ...
 [ 1.     0.     0.    ...  0.66   0.     0.   ]
 [ 0.     0.     1.    ...  0.572  0.     0.   ]
 [ 5.     0.     0.    ... -0.637  0.     1.   ]]
features after normalization: [[0.022 0.    0.    ... 0.586 0.    0.   ]
 [0.043 0.    0.    ... 0.239 0.    0.   ]
 [0.    0.    0.    ... 0.187 0.    0.   ]
 ...
 [0.022 0.    0.    ... 0.837 0.    0.   ]
 [0.    0.    0.143 ... 0.792 0.    0.   ]
 [0.109 0.    0.    ... 0.174 0.    0.2  ]]
encoded_tweets before tweets shape: (285, 100)
before tweets extra_features shape: (285, 11)
before encoded_tweets: [[-0.001  0.002  0.003 ... -0.042  0.028 -0.007]
 [-0.005 -0.002  0.007 ... -0.015  0.003 -0.007]
 [-0.007  0.003  0.013 ... -0.041  0.026 -0.008]
 ...
 [-0.007  0.01   0.015 ... -0.091  0.065 -0.029]
 [-0.003  0.     0.008 ... -0.019  0.017 -0.006]
 [-0.005  0.007  0.007 ... -0.035  0.026 -0.014]]
final encoded_tweets shape: (285, 111)
final encoded_tweets: [[-1.155e-03  2.484e-03  3.106e-03 ...  5.858e-01  0.000e+00  0.000e+00]
 [-4.655e-03 -2.171e-03  7.053e-03 ...  2.391e-01  0.000e+00  0.000e+00]
 [-7.434e-03  2.935e-03  1.311e-02 ...  1.871e-01  0.000e+00  0.000e+00]
 ...
 [-7.280e-03  9.760e-03  1.483e-02 ...  8.371e-01  0.000e+00  0.000e+00]
 [-3.010e-03  1.548e-04  7.526e-03 ...  7.922e-01  0.000e+00  0.000e+00]
 [-5.464e-03  7.367e-03  7.371e-03 ...  1.743e-01  0.000e+00  2.000e-01]]
Final encoded_tweets, after feature selection, shape: (285, 111)
Evaluating model...
ROC: 0.5768939393939394
Continued Avg: 0.5586164580055197
[[ 35 130]
 [  7 113]]
Fold #: 8
features chosen shape: (2567, 11)
features before normalization: [[ 1.     0.     0.    ...  0.168  0.     0.   ]
 [ 2.     0.     0.    ...  0.     0.     0.   ]
 [ 1.     1.     0.    ... -0.776  1.     0.   ]
 ...
 [ 0.     0.     0.    ...  0.     0.     0.   ]
 [ 1.     0.     1.    ... -0.402  0.     0.   ]
 [ 5.     0.     0.    ... -0.637  0.     1.   ]]
features after normalization: [[0.022 0.    0.    ... 0.588 0.    0.   ]
 [0.043 0.    0.    ... 0.503 0.    0.   ]
 [0.022 0.1   0.    ... 0.108 0.2   0.   ]
 ...
 [0.    0.    0.    ... 0.503 0.    0.   ]
 [0.022 0.    0.143 ... 0.298 0.    0.   ]
 [0.109 0.    0.    ... 0.179 0.    0.25 ]]
encoded_tweets before tweets shape: (2567, 100)
before tweets extra_features shape: (2567, 11)
before encoded_tweets: [[ 6.124e-03 -1.086e-03  6.240e-03 ... -7.735e-03  5.679e-03  3.487e-03]
 [ 3.037e-03  5.209e-03 -2.779e-03 ...  4.988e-03  5.864e-04 -2.252e-03]
 [-1.152e-03 -9.127e-03 -1.290e-03 ... -4.265e-03  5.184e-03  3.026e-03]
 ...
 [ 9.168e-05 -6.759e-03 -1.416e-03 ... -7.522e-03  4.718e-03  4.406e-03]
 [ 3.348e-03  1.618e-03  1.644e-03 ...  8.707e-04 -2.640e-03 -4.720e-03]
 [ 3.683e-04 -1.472e-03  2.177e-03 ... -7.261e-03  1.385e-03 -2.868e-03]]
final encoded_tweets shape: (2567, 111)
final encoded_tweets: [[ 6.124e-03 -1.086e-03  6.240e-03 ...  5.879e-01  0.000e+00  0.000e+00]
 [ 3.037e-03  5.209e-03 -2.779e-03 ...  5.025e-01  0.000e+00  0.000e+00]
 [-1.152e-03 -9.127e-03 -1.290e-03 ...  1.078e-01  2.000e-01  0.000e+00]
 ...
 [ 9.168e-05 -6.759e-03 -1.416e-03 ...  5.025e-01  0.000e+00  0.000e+00]
 [ 3.348e-03  1.618e-03  1.644e-03 ...  2.982e-01  0.000e+00  0.000e+00]
 [ 3.683e-04 -1.472e-03  2.177e-03 ...  1.785e-01  0.000e+00  2.500e-01]]
Final encoded_tweets, after feature selection, shape: (2567, 111)
features chosen shape: (285, 11)
features before normalization: [[1.    0.    0.    ... 0.    1.    0.   ]
 [0.    0.    0.    ... 0.    0.    0.   ]
 [0.    0.    0.    ... 0.    0.    0.   ]
 ...
 [0.    0.    0.    ... 0.    0.    0.   ]
 [0.    0.    1.    ... 0.89  0.    0.   ]
 [0.    0.    0.    ... 0.681 1.    0.   ]]
features after normalization: [[0.022 0.    0.    ... 0.503 0.2   0.   ]
 [0.    0.    0.    ... 0.503 0.    0.   ]
 [0.    0.    0.    ... 0.503 0.    0.   ]
 ...
 [0.    0.    0.    ... 0.503 0.    0.   ]
 [0.    0.    0.143 ... 0.955 0.    0.   ]
 [0.    0.    0.    ... 0.849 0.2   0.   ]]
encoded_tweets before tweets shape: (285, 100)
before tweets extra_features shape: (285, 11)
before encoded_tweets: [[ 2.663e-02 -5.483e-02  1.752e-02 ... -4.712e-02  3.241e-02 -1.443e-05]
 [ 1.926e-03 -8.720e-03  5.696e-04 ... -5.746e-03  5.846e-03  5.147e-03]
 [ 1.154e-02 -2.643e-02  1.080e-02 ... -1.998e-02  1.538e-02  4.822e-04]
 ...
 [ 5.358e-03 -1.183e-02  1.100e-02 ... -1.576e-02  1.009e-02  1.431e-03]
 [ 1.315e-02 -3.426e-02  1.654e-02 ... -2.833e-02  1.616e-02  1.604e-03]
 [ 3.277e-02 -5.841e-02  1.860e-02 ... -5.181e-02  2.656e-02  5.889e-03]]
final encoded_tweets shape: (285, 111)
final encoded_tweets: [[ 2.663e-02 -5.483e-02  1.752e-02 ...  5.025e-01  2.000e-01  0.000e+00]
 [ 1.926e-03 -8.720e-03  5.696e-04 ...  5.025e-01  0.000e+00  0.000e+00]
 [ 1.154e-02 -2.643e-02  1.080e-02 ...  5.025e-01  0.000e+00  0.000e+00]
 ...
 [ 5.358e-03 -1.183e-02  1.100e-02 ...  5.025e-01  0.000e+00  0.000e+00]
 [ 1.315e-02 -3.426e-02  1.654e-02 ...  9.551e-01  0.000e+00  0.000e+00]
 [ 3.277e-02 -5.841e-02  1.860e-02 ...  8.486e-01  2.000e-01  0.000e+00]]
Final encoded_tweets, after feature selection, shape: (285, 111)
Evaluating model...
ROC: 0.5537084398976982
Continued Avg: 0.5580029557420421
[[ 36 134]
 [ 12 103]]
Fold #: 9
features chosen shape: (2567, 11)
features before normalization: [[ 1.     0.     0.    ...  0.168  0.     0.   ]
 [ 2.     0.     0.    ...  0.     0.     0.   ]
 [ 1.     1.     0.    ... -0.776  1.     0.   ]
 ...
 [ 0.     0.     0.    ...  0.681  1.     0.   ]
 [ 1.     0.     1.    ... -0.402  0.     0.   ]
 [ 5.     0.     0.    ... -0.637  0.     1.   ]]
features after normalization: [[0.022 0.    0.    ... 0.588 0.    0.   ]
 [0.043 0.    0.    ... 0.503 0.    0.   ]
 [0.022 0.1   0.    ... 0.108 0.2   0.   ]
 ...
 [0.    0.    0.    ... 0.849 0.2   0.   ]
 [0.022 0.    0.143 ... 0.298 0.    0.   ]
 [0.109 0.    0.    ... 0.179 0.    0.2  ]]
encoded_tweets before tweets shape: (2567, 100)
before tweets extra_features shape: (2567, 11)
before encoded_tweets: [[ 0.003 -0.002  0.003 ... -0.013  0.01   0.002]
 [ 0.003  0.003 -0.003 ...  0.002  0.003 -0.002]
 [-0.004 -0.008 -0.004 ... -0.006  0.007  0.002]
 ...
 [-0.003 -0.019 -0.006 ... -0.031  0.022  0.002]
 [ 0.002  0.002  0.001 ...  0.    -0.002 -0.005]
 [-0.001 -0.001  0.001 ... -0.008  0.002 -0.003]]
final encoded_tweets shape: (2567, 111)
final encoded_tweets: [[ 3.313e-03 -1.838e-03  2.949e-03 ...  5.879e-01  0.000e+00  0.000e+00]
 [ 3.148e-03  3.255e-03 -2.827e-03 ...  5.025e-01  0.000e+00  0.000e+00]
 [-3.899e-03 -8.015e-03 -3.958e-03 ...  1.078e-01  2.000e-01  0.000e+00]
 ...
 [-2.727e-03 -1.911e-02 -5.977e-03 ...  8.486e-01  2.000e-01  0.000e+00]
 [ 2.402e-03  1.974e-03  8.627e-04 ...  2.982e-01  0.000e+00  0.000e+00]
 [-8.796e-04 -5.631e-04  5.254e-04 ...  1.785e-01  0.000e+00  2.000e-01]]
Final encoded_tweets, after feature selection, shape: (2567, 111)
features chosen shape: (285, 11)
features before normalization: [[ 1.     0.     0.    ... -0.582  1.     0.   ]
 [ 2.     0.     0.    ... -0.433  0.     0.   ]
 [ 5.     0.     0.    ... -0.883  0.     2.   ]
 ...
 [ 0.     0.     1.    ...  0.84   1.     0.   ]
 [ 1.     0.     0.    ...  0.     0.     0.   ]
 [ 0.     0.     0.    ... -0.202  0.     1.   ]]
features after normalization: [[0.022 0.    0.    ... 0.207 0.2   0.   ]
 [0.043 0.    0.    ... 0.282 0.    0.   ]
 [0.109 0.    0.    ... 0.053 0.    0.4  ]
 ...
 [0.    0.    0.143 ... 0.93  0.2   0.   ]
 [0.022 0.    0.    ... 0.503 0.    0.   ]
 [0.    0.    0.    ... 0.4   0.    0.2  ]]
encoded_tweets before tweets shape: (285, 100)
before tweets extra_features shape: (285, 11)
before encoded_tweets: [[ 1.027e-04 -9.245e-02 -1.302e-02 ... -1.451e-01  1.003e-01 -1.557e-02]
 [-3.474e-03 -4.805e-02 -5.073e-03 ... -6.686e-02  5.187e-02 -3.344e-03]
 [-4.093e-03 -6.493e-02 -8.389e-03 ... -1.003e-01  7.872e-02 -1.040e-02]
 ...
 [-3.550e-03 -5.769e-02 -1.232e-02 ... -8.026e-02  5.896e-02 -9.466e-03]
 [ 4.143e-03 -1.262e-02 -1.159e-03 ... -1.508e-02  1.334e-02  3.569e-04]
 [ 2.630e-03 -2.140e-02 -4.006e-03 ... -4.412e-02  3.086e-02 -3.778e-03]]
final encoded_tweets shape: (285, 111)
final encoded_tweets: [[ 1.027e-04 -9.245e-02 -1.302e-02 ...  2.069e-01  2.000e-01  0.000e+00]
 [-3.474e-03 -4.805e-02 -5.073e-03 ...  2.824e-01  0.000e+00  0.000e+00]
 [-4.093e-03 -6.493e-02 -8.389e-03 ...  5.343e-02  0.000e+00  4.000e-01]
 ...
 [-3.550e-03 -5.769e-02 -1.232e-02 ...  9.296e-01  2.000e-01  0.000e+00]
 [ 4.143e-03 -1.262e-02 -1.159e-03 ...  5.025e-01  0.000e+00  0.000e+00]
 [ 2.630e-03 -2.140e-02 -4.006e-03 ...  3.997e-01  0.000e+00  2.000e-01]]
Final encoded_tweets, after feature selection, shape: (285, 111)
Evaluating model...
ROC: 0.5935150375939849
Continued Avg: 0.5619487426144801
[[ 41 111]
 [ 11 122]]
Fold #: 10
features chosen shape: (2567, 11)
features before normalization: [[ 1.     0.     0.    ...  0.168  0.     0.   ]
 [ 2.     0.     0.    ...  0.     0.     0.   ]
 [ 1.     1.     0.    ... -0.776  1.     0.   ]
 ...
 [ 0.     0.     0.    ...  0.681  1.     0.   ]
 [ 1.     0.     1.    ... -0.402  0.     0.   ]
 [ 5.     0.     0.    ... -0.637  0.     1.   ]]
features after normalization: [[0.022 0.    0.    ... 0.588 0.    0.   ]
 [0.043 0.    0.    ... 0.503 0.    0.   ]
 [0.022 0.1   0.    ... 0.108 0.2   0.   ]
 ...
 [0.    0.    0.    ... 0.849 0.2   0.   ]
 [0.022 0.    0.143 ... 0.298 0.    0.   ]
 [0.109 0.    0.    ... 0.179 0.    0.2  ]]
encoded_tweets before tweets shape: (2567, 100)
before tweets extra_features shape: (2567, 11)
before encoded_tweets: [[ 0.004  0.002  0.004 ... -0.008  0.007  0.002]
 [ 0.003  0.005 -0.002 ...  0.004  0.001 -0.002]
 [-0.003 -0.007 -0.003 ... -0.006  0.008  0.002]
 ...
 [ 0.001 -0.016 -0.004 ... -0.028  0.024 -0.001]
 [ 0.003  0.002  0.001 ... -0.    -0.001 -0.005]
 [-0.001 -0.001  0.001 ... -0.009  0.003 -0.003]]
final encoded_tweets shape: (2567, 111)
final encoded_tweets: [[ 4.101e-03  1.961e-03  4.303e-03 ...  5.879e-01  0.000e+00  0.000e+00]
 [ 3.281e-03  4.555e-03 -2.452e-03 ...  5.025e-01  0.000e+00  0.000e+00]
 [-2.994e-03 -7.123e-03 -3.152e-03 ...  1.078e-01  2.000e-01  0.000e+00]
 ...
 [ 5.684e-04 -1.565e-02 -4.349e-03 ...  8.486e-01  2.000e-01  0.000e+00]
 [ 2.648e-03  1.964e-03  9.835e-04 ...  2.982e-01  0.000e+00  0.000e+00]
 [-7.489e-04 -5.385e-04  8.242e-04 ...  1.785e-01  0.000e+00  2.000e-01]]
Final encoded_tweets, after feature selection, shape: (2567, 111)
features chosen shape: (285, 11)
features before normalization: [[ 4.     0.     0.    ... -0.71   0.     0.   ]
 [ 0.     0.     0.    ...  0.361  0.     0.   ]
 [ 0.     0.     0.    ... -0.706  0.     0.   ]
 ...
 [ 0.     0.     0.    ... -0.718  0.     0.   ]
 [ 0.     0.     0.    ... -0.599  0.     1.   ]
 [ 5.     1.     0.    ...  0.234  0.     0.   ]]
features after normalization: [[0.087 0.    0.    ... 0.142 0.    0.   ]
 [0.    0.    0.    ... 0.686 0.    0.   ]
 [0.    0.    0.    ... 0.144 0.    0.   ]
 ...
 [0.    0.    0.    ... 0.137 0.    0.   ]
 [0.    0.    0.    ... 0.198 0.    0.2  ]
 [0.109 0.1   0.    ... 0.621 0.    0.   ]]
encoded_tweets before tweets shape: (285, 100)
before tweets extra_features shape: (285, 11)
before encoded_tweets: [[ 0.002 -0.031  0.002 ... -0.058  0.05  -0.01 ]
 [ 0.004 -0.019 -0.005 ... -0.03   0.02  -0.005]
 [ 0.005 -0.014  0.001 ... -0.033  0.033 -0.011]
 ...
 [ 0.012 -0.052  0.001 ... -0.096  0.087 -0.018]
 [ 0.004 -0.017 -0.004 ... -0.031  0.028 -0.006]
 [ 0.007 -0.047 -0.003 ... -0.093  0.083 -0.025]]
final encoded_tweets shape: (285, 111)
final encoded_tweets: [[ 0.002 -0.031  0.002 ...  0.142  0.     0.   ]
 [ 0.004 -0.019 -0.005 ...  0.686  0.     0.   ]
 [ 0.005 -0.014  0.001 ...  0.144  0.     0.   ]
 ...
 [ 0.012 -0.052  0.001 ...  0.137  0.     0.   ]
 [ 0.004 -0.017 -0.004 ...  0.198  0.     0.2  ]
 [ 0.007 -0.047 -0.003 ...  0.621  0.     0.   ]]
Final encoded_tweets, after feature selection, shape: (285, 111)
Evaluating model...
ROC: 0.5207407407407407
Continued Avg: 0.5578279424271062
[[ 24 126]
 [ 16 119]]
Average Precision: 0.4670182850245433
Average Accuracy: 0.5115764936817568
Average Recall: 0.9018548735026057
Average F1-score: 0.6148100584970697
Average ROC:0.5578279424271062
