Fold #: 1
features chosen shape: (2566, 11)
features before normalization: [[ 1.     0.     0.    ...  0.168  0.     0.   ]
 [ 2.     0.     0.    ...  0.     0.     0.   ]
 [ 1.     1.     0.    ... -0.776  1.     0.   ]
 ...
 [ 0.     0.     0.    ...  0.681  1.     0.   ]
 [ 1.     0.     1.    ... -0.402  0.     0.   ]
 [ 5.     0.     0.    ... -0.637  0.     1.   ]]
features after normalization: [[0.022 0.    0.    ... 0.588 0.    0.   ]
 [0.043 0.    0.    ... 0.503 0.    0.   ]
 [0.022 0.1   0.    ... 0.108 0.2   0.   ]
 ...
 [0.    0.    0.    ... 0.849 0.2   0.   ]
 [0.022 0.    0.143 ... 0.298 0.    0.   ]
 [0.109 0.    0.    ... 0.179 0.    0.2  ]]
encoded_tweets before tweets shape: (2566, 200)
before tweets extra_features shape: (2566, 11)
before encoded_tweets: [[ 0.041  0.099  0.731 ... -1.311 -1.397 -0.116]
 [-0.451  1.167 -0.2   ... -0.182  1.053 -0.523]
 [-0.475 -1.625  0.688 ...  0.91   0.418 -3.616]
 ...
 [ 0.253 -0.057  0.581 ...  1.15   0.194  0.018]
 [ 0.074 -2.597 -1.388 ... -0.726 -4.438 -0.942]
 [-0.462  0.129 -0.014 ... -0.106 -1.483 -0.036]]
final encoded_tweets shape: (2566, 211)
final encoded_tweets: [[ 0.041  0.099  0.731 ...  0.588  0.     0.   ]
 [-0.451  1.167 -0.2   ...  0.503  0.     0.   ]
 [-0.475 -1.625  0.688 ...  0.108  0.2    0.   ]
 ...
 [ 0.253 -0.057  0.581 ...  0.849  0.2    0.   ]
 [ 0.074 -2.597 -1.388 ...  0.298  0.     0.   ]
 [-0.462  0.129 -0.014 ...  0.179  0.     0.2  ]]
Final encoded_tweets, after feature selection, shape: (2566, 211)
features chosen shape: (286, 11)
features before normalization: [[ 0.     2.     0.    ...  0.647  0.     0.   ]
 [ 0.     0.     0.    ... -0.36   0.     1.   ]
 [ 0.     0.     0.    ... -0.414  2.     0.   ]
 ...
 [ 4.     0.     0.    ...  0.361  0.     0.   ]
 [ 1.     0.     0.    ...  0.     0.     0.   ]
 [ 1.     0.     0.    ...  0.574  0.     0.   ]]
features after normalization: [[0.    0.2   0.    ... 0.831 0.    0.   ]
 [0.    0.    0.    ... 0.32  0.    0.2  ]
 [0.    0.    0.    ... 0.292 0.4   0.   ]
 ...
 [0.087 0.    0.    ... 0.686 0.    0.   ]
 [0.022 0.    0.    ... 0.503 0.    0.   ]
 [0.022 0.    0.    ... 0.794 0.    0.   ]]
encoded_tweets before tweets shape: (286, 200)
before tweets extra_features shape: (286, 11)
before encoded_tweets: [[-0.131  1.111 -1.466 ...  0.146  0.68  -0.564]
 [-0.551 -0.039 -0.699 ... -1.388 -0.023 -0.799]
 [-1.592  0.629  0.359 ...  0.638 -0.836 -0.581]
 ...
 [-0.214 -0.128 -1.053 ...  0.505  0.044 -0.303]
 [ 1.042 -2.113 -1.354 ...  1.56   1.336 -0.161]
 [-0.099  0.91  -1.283 ... -0.414 -1.598 -0.459]]
final encoded_tweets shape: (286, 211)
final encoded_tweets: [[-0.131  1.111 -1.466 ...  0.831  0.     0.   ]
 [-0.551 -0.039 -0.699 ...  0.32   0.     0.2  ]
 [-1.592  0.629  0.359 ...  0.292  0.4    0.   ]
 ...
 [-0.214 -0.128 -1.053 ...  0.686  0.     0.   ]
 [ 1.042 -2.113 -1.354 ...  0.503  0.     0.   ]
 [-0.099  0.91  -1.283 ...  0.794  0.     0.   ]]
Final encoded_tweets, after feature selection, shape: (286, 211)
Evaluating model...
ROC: 0.7003472047501634
Continued Avg: 0.7003472047501634
[[102  65]
 [ 25  94]]
Fold #: 2
features chosen shape: (2566, 11)
features before normalization: [[ 1.     0.     0.    ...  0.168  0.     0.   ]
 [ 1.     1.     0.    ... -0.776  1.     0.   ]
 [ 1.     0.     0.    ... -0.582  1.     0.   ]
 ...
 [ 0.     0.     0.    ...  0.681  1.     0.   ]
 [ 1.     0.     1.    ... -0.402  0.     0.   ]
 [ 5.     0.     0.    ... -0.637  0.     1.   ]]
features after normalization: [[0.022 0.    0.    ... 0.591 0.    0.   ]
 [0.022 0.1   0.    ... 0.108 0.2   0.   ]
 [0.022 0.    0.    ... 0.208 0.2   0.   ]
 ...
 [0.    0.    0.    ... 0.852 0.2   0.   ]
 [0.022 0.    0.143 ... 0.3   0.    0.   ]
 [0.109 0.    0.    ... 0.179 0.    0.2  ]]
encoded_tweets before tweets shape: (2566, 200)
before tweets extra_features shape: (2566, 11)
before encoded_tweets: [[ 0.034  0.107  0.751 ... -1.321 -1.433 -0.11 ]
 [-0.424 -1.537  0.639 ...  0.759  0.438 -3.539]
 [ 0.03  -0.361  0.619 ...  0.127 -0.376  0.684]
 ...
 [ 0.259 -0.03   0.599 ...  1.155  0.197  0.033]
 [ 0.078 -2.608 -1.446 ... -0.74  -4.574 -0.964]
 [-0.458  0.145 -0.017 ... -0.121 -1.489 -0.032]]
final encoded_tweets shape: (2566, 211)
final encoded_tweets: [[ 0.034  0.107  0.751 ...  0.591  0.     0.   ]
 [-0.424 -1.537  0.639 ...  0.108  0.2    0.   ]
 [ 0.03  -0.361  0.619 ...  0.208  0.2    0.   ]
 ...
 [ 0.259 -0.03   0.599 ...  0.852  0.2    0.   ]
 [ 0.078 -2.608 -1.446 ...  0.3    0.     0.   ]
 [-0.458  0.145 -0.017 ...  0.179  0.     0.2  ]]
Final encoded_tweets, after feature selection, shape: (2566, 211)
features chosen shape: (286, 11)
features before normalization: [[ 2.     0.     0.    ...  0.     0.     0.   ]
 [ 0.     1.     1.    ... -0.316  0.     0.   ]
 [ 0.     2.     1.    ...  0.54   0.     0.   ]
 ...
 [ 1.     0.     0.    ... -0.612  0.     1.   ]
 [ 1.     0.     0.    ... -0.527  1.     0.   ]
 [ 0.     1.     0.    ...  0.341  1.     0.   ]]
features after normalization: [[0.043 0.    0.    ... 0.505 0.    0.   ]
 [0.    0.1   0.143 ... 0.343 0.    0.   ]
 [0.    0.2   0.143 ... 0.78  0.    0.   ]
 ...
 [0.022 0.    0.    ... 0.193 0.    0.2  ]
 [0.022 0.    0.    ... 0.236 0.2   0.   ]
 [0.    0.1   0.    ... 0.679 0.2   0.   ]]
encoded_tweets before tweets shape: (286, 200)
before tweets extra_features shape: (286, 11)
before encoded_tweets: [[-0.494  1.171 -0.179 ... -0.211  1.041 -0.553]
 [ 0.093  0.619 -0.108 ...  0.11  -0.038  0.277]
 [ 0.677  0.782 -1.115 ... -1.417  0.564 -0.547]
 ...
 [-0.446  1.017 -0.362 ...  0.945 -0.087  0.591]
 [-1.706 -0.611  1.512 ... -0.609  0.108 -0.744]
 [-0.107  0.117  1.216 ... -1.02   0.108 -0.132]]
final encoded_tweets shape: (286, 211)
final encoded_tweets: [[-0.494  1.171 -0.179 ...  0.505  0.     0.   ]
 [ 0.093  0.619 -0.108 ...  0.343  0.     0.   ]
 [ 0.677  0.782 -1.115 ...  0.78   0.     0.   ]
 ...
 [-0.446  1.017 -0.362 ...  0.193  0.     0.2  ]
 [-1.706 -0.611  1.512 ...  0.236  0.2    0.   ]
 [-0.107  0.117  1.216 ...  0.679  0.2    0.   ]]
Final encoded_tweets, after feature selection, shape: (286, 211)
Evaluating model...
ROC: 0.6962425319705723
Continued Avg: 0.6982948683603678
[[103  54]
 [ 34  95]]
Fold #: 3
features chosen shape: (2567, 11)
features before normalization: [[ 1.     0.     0.    ...  0.168  0.     0.   ]
 [ 2.     0.     0.    ...  0.     0.     0.   ]
 [ 1.     0.     0.    ... -0.582  1.     0.   ]
 ...
 [ 0.     0.     1.    ...  0.89   0.     0.   ]
 [ 0.     0.     0.    ...  0.681  1.     0.   ]
 [ 5.     0.     0.    ... -0.637  0.     1.   ]]
features after normalization: [[0.037 0.    0.    ... 0.588 0.    0.   ]
 [0.074 0.    0.    ... 0.503 0.    0.   ]
 [0.037 0.    0.    ... 0.207 0.2   0.   ]
 ...
 [0.    0.    0.143 ... 0.955 0.    0.   ]
 [0.    0.    0.    ... 0.849 0.2   0.   ]
 [0.185 0.    0.    ... 0.179 0.    0.2  ]]
encoded_tweets before tweets shape: (2567, 200)
before tweets extra_features shape: (2567, 11)
before encoded_tweets: [[ 0.053  0.095  0.747 ... -1.29  -1.42  -0.138]
 [-0.423  1.145 -0.211 ... -0.185  1.023 -0.545]
 [ 0.041 -0.378  0.627 ...  0.133 -0.374  0.657]
 ...
 [ 0.273 -2.223  0.374 ... -1.295 -0.357  0.14 ]
 [ 0.272 -0.051  0.594 ...  1.131  0.195 -0.01 ]
 [-0.446  0.125 -0.021 ... -0.108 -1.49  -0.059]]
final encoded_tweets shape: (2567, 211)
final encoded_tweets: [[ 0.053  0.095  0.747 ...  0.588  0.     0.   ]
 [-0.423  1.145 -0.211 ...  0.503  0.     0.   ]
 [ 0.041 -0.378  0.627 ...  0.207  0.2    0.   ]
 ...
 [ 0.273 -2.223  0.374 ...  0.955  0.     0.   ]
 [ 0.272 -0.051  0.594 ...  0.849  0.2    0.   ]
 [-0.446  0.125 -0.021 ...  0.179  0.     0.2  ]]
Final encoded_tweets, after feature selection, shape: (2567, 211)
features chosen shape: (285, 11)
features before normalization: [[ 1.     1.     0.    ... -0.776  1.     0.   ]
 [ 5.     0.     0.    ... -0.735  0.     1.   ]
 [ 1.     0.     0.    ...  0.765  1.     0.   ]
 ...
 [ 0.     1.     0.    ...  0.38   0.     0.   ]
 [ 0.     0.     0.    ...  0.     0.     0.   ]
 [ 1.     0.     1.    ... -0.402  0.     0.   ]]
features after normalization: [[0.037 0.1   0.    ... 0.108 0.2   0.   ]
 [0.185 0.    0.    ... 0.129 0.    0.2  ]
 [0.037 0.    0.    ... 0.891 0.2   0.   ]
 ...
 [0.    0.1   0.    ... 0.696 0.    0.   ]
 [0.    0.    0.    ... 0.503 0.    0.   ]
 [0.037 0.    0.143 ... 0.298 0.    0.   ]]
encoded_tweets before tweets shape: (285, 200)
before tweets extra_features shape: (285, 11)
before encoded_tweets: [[-1.508 -2.989  0.712 ...  3.094 -0.782 -4.389]
 [ 0.827  0.207  0.024 ...  0.129  0.813 -0.404]
 [ 3.654  0.426  0.501 ... -0.363  1.249 -0.885]
 ...
 [ 1.083  0.171 -0.35  ... -0.39  -0.782 -0.534]
 [-0.136  1.703 -1.07  ...  1.348  1.566  1.498]
 [-0.289 -0.817 -0.06  ... -0.612 -0.206 -0.03 ]]
final encoded_tweets shape: (285, 211)
final encoded_tweets: [[-1.508 -2.989  0.712 ...  0.108  0.2    0.   ]
 [ 0.827  0.207  0.024 ...  0.129  0.     0.2  ]
 [ 3.654  0.426  0.501 ...  0.891  0.2    0.   ]
 ...
 [ 1.083  0.171 -0.35  ...  0.696  0.     0.   ]
 [-0.136  1.703 -1.07  ...  0.503  0.     0.   ]
 [-0.289 -0.817 -0.06  ...  0.298  0.     0.   ]]
Final encoded_tweets, after feature selection, shape: (285, 211)
Evaluating model...
ROC: 0.7223376623376623
Continued Avg: 0.7063091330194661
[[116  59]
 [ 24  86]]
Fold #: 4
features chosen shape: (2567, 11)
features before normalization: [[ 1.     0.     0.    ...  0.168  0.     0.   ]
 [ 2.     0.     0.    ...  0.     0.     0.   ]
 [ 1.     1.     0.    ... -0.776  1.     0.   ]
 ...
 [ 0.     0.     0.    ...  0.681  1.     0.   ]
 [ 1.     0.     1.    ... -0.402  0.     0.   ]
 [ 5.     0.     0.    ... -0.637  0.     1.   ]]
features after normalization: [[0.022 0.    0.    ... 0.588 0.    0.   ]
 [0.043 0.    0.    ... 0.503 0.    0.   ]
 [0.022 0.1   0.    ... 0.108 0.2   0.   ]
 ...
 [0.    0.    0.    ... 0.849 0.2   0.   ]
 [0.022 0.    0.143 ... 0.298 0.    0.   ]
 [0.109 0.    0.    ... 0.179 0.    0.2  ]]
encoded_tweets before tweets shape: (2567, 200)
before tweets extra_features shape: (2567, 11)
before encoded_tweets: [[ 0.053  0.106  0.746 ... -1.309 -1.434 -0.136]
 [-0.466  1.174 -0.186 ... -0.167  1.092 -0.546]
 [-1.347 -2.565  0.68  ...  3.043 -0.695 -4.373]
 ...
 [ 0.333 -0.549  0.791 ...  1.694 -0.073  0.753]
 [-0.201 -0.664 -0.096 ... -0.562 -0.167 -0.115]
 [-0.457  0.144 -0.02  ... -0.107 -1.507 -0.053]]
final encoded_tweets shape: (2567, 211)
final encoded_tweets: [[ 0.053  0.106  0.746 ...  0.588  0.     0.   ]
 [-0.466  1.174 -0.186 ...  0.503  0.     0.   ]
 [-1.347 -2.565  0.68  ...  0.108  0.2    0.   ]
 ...
 [ 0.333 -0.549  0.791 ...  0.849  0.2    0.   ]
 [-0.201 -0.664 -0.096 ...  0.298  0.     0.   ]
 [-0.457  0.144 -0.02  ...  0.179  0.     0.2  ]]
Final encoded_tweets, after feature selection, shape: (2567, 211)
features chosen shape: (285, 11)
features before normalization: [[ 1.     1.     0.    ...  0.944  0.     0.   ]
 [ 0.     0.     0.    ...  0.361  0.     0.   ]
 [ 4.     0.     0.    ... -0.89   0.     1.   ]
 ...
 [ 0.     0.     0.    ... -0.836  0.     1.   ]
 [ 3.     0.     0.    ... -0.755  0.     2.   ]
 [ 2.     2.     0.    ... -0.433  0.     1.   ]]
features after normalization: [[0.022 0.1   0.    ... 0.982 0.    0.   ]
 [0.    0.    0.    ... 0.686 0.    0.   ]
 [0.087 0.    0.    ... 0.05  0.    0.2  ]
 ...
 [0.    0.    0.    ... 0.078 0.    0.2  ]
 [0.065 0.    0.    ... 0.119 0.    0.4  ]
 [0.043 0.2   0.    ... 0.282 0.    0.2  ]]
encoded_tweets before tweets shape: (285, 200)
before tweets extra_features shape: (285, 11)
before encoded_tweets: [[ 0.036 -0.665  0.449 ...  0.468  0.732 -0.663]
 [-0.111 -0.268 -0.503 ...  0.444  1.012  0.812]
 [-0.113  0.021  0.09  ... -0.066  0.022  0.093]
 ...
 [ 1.024 -0.461  0.207 ...  1.318 -0.365 -0.753]
 [-0.712 -0.528  0.887 ...  0.691  0.074 -0.141]
 [-1.377 -0.35   0.873 ...  1.958  0.41   1.326]]
final encoded_tweets shape: (285, 211)
final encoded_tweets: [[ 0.036 -0.665  0.449 ...  0.982  0.     0.   ]
 [-0.111 -0.268 -0.503 ...  0.686  0.     0.   ]
 [-0.113  0.021  0.09  ...  0.05   0.     0.2  ]
 ...
 [ 1.024 -0.461  0.207 ...  0.078  0.     0.2  ]
 [-0.712 -0.528  0.887 ...  0.119  0.     0.4  ]
 [-1.377 -0.35   0.873 ...  0.282  0.     0.2  ]]
Final encoded_tweets, after feature selection, shape: (285, 211)
Evaluating model...
ROC: 0.7025306978137167
Continued Avg: 0.7053645242180286
[[101  58]
 [ 29  97]]
Fold #: 5
features chosen shape: (2567, 11)
features before normalization: [[ 1.     0.     0.    ...  0.168  0.     0.   ]
 [ 2.     0.     0.    ...  0.     0.     0.   ]
 [ 1.     1.     0.    ... -0.776  1.     0.   ]
 ...
 [ 0.     0.     0.    ...  0.681  1.     0.   ]
 [ 1.     0.     1.    ... -0.402  0.     0.   ]
 [ 5.     0.     0.    ... -0.637  0.     1.   ]]
features after normalization: [[0.022 0.    0.    ... 0.588 0.    0.   ]
 [0.043 0.    0.    ... 0.503 0.    0.   ]
 [0.022 0.1   0.    ... 0.108 0.2   0.   ]
 ...
 [0.    0.    0.    ... 0.849 0.2   0.   ]
 [0.022 0.    0.143 ... 0.298 0.    0.   ]
 [0.109 0.    0.    ... 0.179 0.    0.2  ]]
encoded_tweets before tweets shape: (2567, 200)
before tweets extra_features shape: (2567, 11)
before encoded_tweets: [[ 5.407e-02  1.075e-01  7.436e-01 ... -1.317e+00 -1.439e+00 -1.011e-01]
 [-4.342e-01  1.176e+00 -1.974e-01 ... -2.049e-01  1.028e+00 -5.194e-01]
 [-1.347e+00 -2.558e+00  6.785e-01 ...  2.967e+00 -6.780e-01 -4.366e+00]
 ...
 [ 2.618e-01 -3.898e-02  5.819e-01 ...  1.085e+00  1.880e-01  2.682e-02]
 [ 8.485e-02 -2.575e+00 -1.378e+00 ... -7.321e-01 -4.471e+00 -9.482e-01]
 [-4.529e-01  1.523e-01 -7.381e-04 ... -1.203e-01 -1.512e+00 -2.535e-02]]
final encoded_tweets shape: (2567, 211)
final encoded_tweets: [[ 5.407e-02  1.075e-01  7.436e-01 ...  5.879e-01  0.000e+00  0.000e+00]
 [-4.342e-01  1.176e+00 -1.974e-01 ...  5.025e-01  0.000e+00  0.000e+00]
 [-1.347e+00 -2.558e+00  6.785e-01 ...  1.078e-01  2.000e-01  0.000e+00]
 ...
 [ 2.618e-01 -3.898e-02  5.819e-01 ...  8.486e-01  2.000e-01  0.000e+00]
 [ 8.485e-02 -2.575e+00 -1.378e+00 ...  2.982e-01  0.000e+00  0.000e+00]
 [-4.529e-01  1.523e-01 -7.381e-04 ...  1.785e-01  0.000e+00  2.000e-01]]
Final encoded_tweets, after feature selection, shape: (2567, 211)
features chosen shape: (285, 11)
features before normalization: [[ 0.     0.     0.    ...  0.169  0.     2.   ]
 [ 1.     2.     0.    ...  0.82   0.     0.   ]
 [ 0.     0.     0.    ...  0.     0.     0.   ]
 ...
 [ 0.     0.     0.    ...  0.     0.     0.   ]
 [ 0.     0.     0.    ...  0.     0.     0.   ]
 [ 3.     4.     0.    ... -0.625  0.     0.   ]]
features after normalization: [[0.    0.    0.    ... 0.588 0.    0.4  ]
 [0.022 0.2   0.    ... 0.919 0.    0.   ]
 [0.    0.    0.    ... 0.503 0.    0.   ]
 ...
 [0.    0.    0.    ... 0.503 0.    0.   ]
 [0.    0.    0.    ... 0.503 0.    0.   ]
 [0.065 0.4   0.    ... 0.185 0.    0.   ]]
encoded_tweets before tweets shape: (285, 200)
before tweets extra_features shape: (285, 11)
before encoded_tweets: [[ 0.889  0.44  -0.193 ...  0.871  0.934 -1.535]
 [-2.379  0.397 -0.004 ... -2.066  0.62   1.105]
 [ 0.363 -0.115  0.121 ... -1.256  2.504  0.277]
 ...
 [ 1.843  0.666 -0.068 ...  1.327  0.158  0.024]
 [-0.348  0.592 -0.371 ...  0.919 -0.72   0.45 ]
 [-0.197 -0.234  0.428 ...  0.792 -0.092  0.312]]
final encoded_tweets shape: (285, 211)
final encoded_tweets: [[ 0.889  0.44  -0.193 ...  0.588  0.     0.4  ]
 [-2.379  0.397 -0.004 ...  0.919  0.     0.   ]
 [ 0.363 -0.115  0.121 ...  0.503  0.     0.   ]
 ...
 [ 1.843  0.666 -0.068 ...  0.503  0.     0.   ]
 [-0.348  0.592 -0.371 ...  0.503  0.     0.   ]
 [-0.197 -0.234  0.428 ...  0.185  0.     0.   ]]
Final encoded_tweets, after feature selection, shape: (285, 211)
Evaluating model...
ROC: 0.66225
Continued Avg: 0.6967416193744229
[[98 62]
 [36 89]]
Fold #: 6
features chosen shape: (2567, 11)
features before normalization: [[ 1.     0.     0.    ...  0.168  0.     0.   ]
 [ 2.     0.     0.    ...  0.     0.     0.   ]
 [ 1.     1.     0.    ... -0.776  1.     0.   ]
 ...
 [ 0.     0.     0.    ...  0.681  1.     0.   ]
 [ 1.     0.     1.    ... -0.402  0.     0.   ]
 [ 5.     0.     0.    ... -0.637  0.     1.   ]]
features after normalization: [[0.022 0.    0.    ... 0.588 0.    0.   ]
 [0.043 0.    0.    ... 0.503 0.    0.   ]
 [0.022 0.1   0.    ... 0.108 0.2   0.   ]
 ...
 [0.    0.    0.    ... 0.849 0.2   0.   ]
 [0.022 0.    0.143 ... 0.298 0.    0.   ]
 [0.109 0.    0.    ... 0.179 0.    0.2  ]]
encoded_tweets before tweets shape: (2567, 200)
before tweets extra_features shape: (2567, 11)
before encoded_tweets: [[ 0.032  0.116  0.718 ... -1.284 -1.419 -0.121]
 [-0.448  1.184 -0.204 ... -0.199  1.008 -0.543]
 [-1.36  -2.492  0.683 ...  2.969 -0.689 -4.296]
 ...
 [ 0.322 -0.534  0.782 ...  1.636 -0.083  0.725]
 [ 0.068 -2.51  -1.395 ... -0.726 -4.441 -0.957]
 [-0.477  0.154 -0.014 ... -0.115 -1.5   -0.056]]
final encoded_tweets shape: (2567, 211)
final encoded_tweets: [[ 0.032  0.116  0.718 ...  0.588  0.     0.   ]
 [-0.448  1.184 -0.204 ...  0.503  0.     0.   ]
 [-1.36  -2.492  0.683 ...  0.108  0.2    0.   ]
 ...
 [ 0.322 -0.534  0.782 ...  0.849  0.2    0.   ]
 [ 0.068 -2.51  -1.395 ...  0.298  0.     0.   ]
 [-0.477  0.154 -0.014 ...  0.179  0.     0.2  ]]
Final encoded_tweets, after feature selection, shape: (2567, 211)
features chosen shape: (285, 11)
features before normalization: [[ 0.     0.     0.    ...  0.586  0.     0.   ]
 [ 2.     0.     0.    ...  0.137  0.     0.   ]
 [ 0.     0.     0.    ... -0.844  0.     2.   ]
 ...
 [ 0.     0.     0.    ... -0.052  0.     0.   ]
 [ 1.     0.     0.    ...  0.459  0.     0.   ]
 [ 1.     1.     0.    ... -0.611  0.     1.   ]]
features after normalization: [[0.    0.    0.    ... 0.8   0.    0.   ]
 [0.043 0.    0.    ... 0.572 0.    0.   ]
 [0.    0.    0.    ... 0.073 0.    0.4  ]
 ...
 [0.    0.    0.    ... 0.476 0.    0.   ]
 [0.022 0.    0.    ... 0.736 0.    0.   ]
 [0.022 0.1   0.    ... 0.192 0.    0.2  ]]
encoded_tweets before tweets shape: (285, 200)
before tweets extra_features shape: (285, 11)
before encoded_tweets: [[ 0.344 -0.765 -1.12  ...  0.442 -0.592  0.954]
 [ 0.012  0.402 -0.267 ...  0.157  0.654  0.193]
 [-1.102 -0.452  0.2   ...  0.238  0.02   0.279]
 ...
 [ 0.711  0.133 -0.977 ... -0.996  0.151  0.274]
 [-0.427 -1.078 -0.79  ... -1.413  0.351 -0.821]
 [ 0.413 -0.056 -0.034 ...  0.04  -2.44   0.741]]
final encoded_tweets shape: (285, 211)
final encoded_tweets: [[ 0.344 -0.765 -1.12  ...  0.8    0.     0.   ]
 [ 0.012  0.402 -0.267 ...  0.572  0.     0.   ]
 [-1.102 -0.452  0.2   ...  0.073  0.     0.4  ]
 ...
 [ 0.711  0.133 -0.977 ...  0.476  0.     0.   ]
 [-0.427 -1.078 -0.79  ...  0.736  0.     0.   ]
 [ 0.413 -0.056 -0.034 ...  0.192  0.     0.2  ]]
Final encoded_tweets, after feature selection, shape: (285, 211)
Evaluating model...
ROC: 0.6927130382414936
Continued Avg: 0.6960701891856015
[[98 64]
 [27 96]]
Fold #: 7
features chosen shape: (2567, 11)
features before normalization: [[ 2.     0.     0.    ...  0.     0.     0.   ]
 [ 1.     1.     0.    ... -0.776  1.     0.   ]
 [ 1.     0.     0.    ... -0.582  1.     0.   ]
 ...
 [ 0.     0.     1.    ...  0.89   0.     0.   ]
 [ 0.     0.     0.    ...  0.681  1.     0.   ]
 [ 1.     0.     1.    ... -0.402  0.     0.   ]]
features after normalization: [[0.043 0.    0.    ... 0.5   0.    0.   ]
 [0.022 0.1   0.    ... 0.103 0.25  0.   ]
 [0.022 0.    0.    ... 0.203 0.25  0.   ]
 ...
 [0.    0.    0.143 ... 0.955 0.    0.   ]
 [0.    0.    0.    ... 0.848 0.25  0.   ]
 [0.022 0.    0.143 ... 0.295 0.    0.   ]]
encoded_tweets before tweets shape: (2567, 200)
before tweets extra_features shape: (2567, 11)
before encoded_tweets: [[-0.453  1.181 -0.199 ... -0.187  1.039 -0.521]
 [-0.419 -1.576  0.615 ...  0.761  0.419 -3.524]
 [ 0.113 -0.545  0.497 ... -0.037 -0.464  0.643]
 ...
 [ 0.279 -2.303  0.362 ... -1.318 -0.364  0.173]
 [ 0.328 -0.575  0.758 ...  1.665 -0.074  0.771]
 [ 0.085 -2.662 -1.406 ... -0.726 -4.502 -0.957]]
final encoded_tweets shape: (2567, 211)
final encoded_tweets: [[-0.453  1.181 -0.199 ...  0.5    0.     0.   ]
 [-0.419 -1.576  0.615 ...  0.103  0.25   0.   ]
 [ 0.113 -0.545  0.497 ...  0.203  0.25   0.   ]
 ...
 [ 0.279 -2.303  0.362 ...  0.955  0.     0.   ]
 [ 0.328 -0.575  0.758 ...  0.848  0.25   0.   ]
 [ 0.085 -2.662 -1.406 ...  0.295  0.     0.   ]]
Final encoded_tweets, after feature selection, shape: (2567, 211)
features chosen shape: (285, 11)
features before normalization: [[ 1.     0.     0.    ...  0.168  0.     0.   ]
 [ 2.     0.     0.    ... -0.511  0.     0.   ]
 [ 0.     0.     0.    ... -0.612  0.     0.   ]
 ...
 [ 1.     0.     0.    ...  0.66   0.     0.   ]
 [ 0.     0.     1.    ...  0.572  0.     0.   ]
 [ 5.     0.     0.    ... -0.637  0.     1.   ]]
features after normalization: [[0.022 0.    0.    ... 0.586 0.    0.   ]
 [0.043 0.    0.    ... 0.239 0.    0.   ]
 [0.    0.    0.    ... 0.187 0.    0.   ]
 ...
 [0.022 0.    0.    ... 0.837 0.    0.   ]
 [0.    0.    0.143 ... 0.792 0.    0.   ]
 [0.109 0.    0.    ... 0.174 0.    0.2  ]]
encoded_tweets before tweets shape: (285, 200)
before tweets extra_features shape: (285, 11)
before encoded_tweets: [[-0.064  0.074  0.77  ... -1.25  -1.453 -0.085]
 [-0.78  -0.809  0.246 ...  1.781  0.43   0.475]
 [ 0.898  0.566 -1.677 ... -2.181  1.063 -1.397]
 ...
 [-0.084 -1.298  1.427 ... -0.102  0.913  0.487]
 [ 0.039  0.212  0.464 ...  0.86  -0.581  0.838]
 [-0.548  0.117 -0.016 ... -0.103 -1.523 -0.007]]
final encoded_tweets shape: (285, 211)
final encoded_tweets: [[-0.064  0.074  0.77  ...  0.586  0.     0.   ]
 [-0.78  -0.809  0.246 ...  0.239  0.     0.   ]
 [ 0.898  0.566 -1.677 ...  0.187  0.     0.   ]
 ...
 [-0.084 -1.298  1.427 ...  0.837  0.     0.   ]
 [ 0.039  0.212  0.464 ...  0.792  0.     0.   ]
 [-0.548  0.117 -0.016 ...  0.174  0.     0.2  ]]
Final encoded_tweets, after feature selection, shape: (285, 211)
Evaluating model...
ROC: 0.6909090909090909
Continued Avg: 0.6953328894318143
[[96 69]
 [24 96]]
Fold #: 8
features chosen shape: (2567, 11)
features before normalization: [[ 1.     0.     0.    ...  0.168  0.     0.   ]
 [ 2.     0.     0.    ...  0.     0.     0.   ]
 [ 1.     1.     0.    ... -0.776  1.     0.   ]
 ...
 [ 0.     0.     0.    ...  0.     0.     0.   ]
 [ 1.     0.     1.    ... -0.402  0.     0.   ]
 [ 5.     0.     0.    ... -0.637  0.     1.   ]]
features after normalization: [[0.022 0.    0.    ... 0.588 0.    0.   ]
 [0.043 0.    0.    ... 0.503 0.    0.   ]
 [0.022 0.1   0.    ... 0.108 0.2   0.   ]
 ...
 [0.    0.    0.    ... 0.503 0.    0.   ]
 [0.022 0.    0.143 ... 0.298 0.    0.   ]
 [0.109 0.    0.    ... 0.179 0.    0.25 ]]
encoded_tweets before tweets shape: (2567, 200)
before tweets extra_features shape: (2567, 11)
before encoded_tweets: [[ 0.054  0.094  0.75  ... -1.325 -1.417 -0.098]
 [-0.446  1.163 -0.181 ... -0.195  1.033 -0.514]
 [-0.419 -1.546  0.664 ...  0.751  0.434 -3.489]
 ...
 [-0.063  1.52  -1.087 ...  1.317  1.417  1.358]
 [ 0.077 -2.583 -1.385 ... -0.736 -4.415 -0.936]
 [-0.459  0.138  0.01  ... -0.119 -1.477 -0.034]]
final encoded_tweets shape: (2567, 211)
final encoded_tweets: [[ 0.054  0.094  0.75  ...  0.588  0.     0.   ]
 [-0.446  1.163 -0.181 ...  0.503  0.     0.   ]
 [-0.419 -1.546  0.664 ...  0.108  0.2    0.   ]
 ...
 [-0.063  1.52  -1.087 ...  0.503  0.     0.   ]
 [ 0.077 -2.583 -1.385 ...  0.298  0.     0.   ]
 [-0.459  0.138  0.01  ...  0.179  0.     0.25 ]]
Final encoded_tweets, after feature selection, shape: (2567, 211)
features chosen shape: (285, 11)
features before normalization: [[1.    0.    0.    ... 0.    1.    0.   ]
 [0.    0.    0.    ... 0.    0.    0.   ]
 [0.    0.    0.    ... 0.    0.    0.   ]
 ...
 [0.    0.    0.    ... 0.    0.    0.   ]
 [0.    0.    1.    ... 0.89  0.    0.   ]
 [0.    0.    0.    ... 0.681 1.    0.   ]]
features after normalization: [[0.022 0.    0.    ... 0.503 0.2   0.   ]
 [0.    0.    0.    ... 0.503 0.    0.   ]
 [0.    0.    0.    ... 0.503 0.    0.   ]
 ...
 [0.    0.    0.    ... 0.503 0.    0.   ]
 [0.    0.    0.143 ... 0.955 0.    0.   ]
 [0.    0.    0.    ... 0.849 0.2   0.   ]]
encoded_tweets before tweets shape: (285, 200)
before tweets extra_features shape: (285, 11)
before encoded_tweets: [[ 1.873  0.597 -0.657 ... -0.687 -1.809 -0.809]
 [ 0.309 -1.024 -1.777 ... -0.433 -0.162 -2.6  ]
 [ 1.421  0.175 -0.938 ... -0.2    1.13   1.085]
 ...
 [-1.689  0.192 -0.888 ...  0.481  0.907 -1.343]
 [ 0.348 -1.696  0.438 ... -0.718 -0.884  0.175]
 [ 0.451 -0.565  0.738 ...  1.877 -0.123  0.772]]
final encoded_tweets shape: (285, 211)
final encoded_tweets: [[ 1.873  0.597 -0.657 ...  0.503  0.2    0.   ]
 [ 0.309 -1.024 -1.777 ...  0.503  0.     0.   ]
 [ 1.421  0.175 -0.938 ...  0.503  0.     0.   ]
 ...
 [-1.689  0.192 -0.888 ...  0.503  0.     0.   ]
 [ 0.348 -1.696  0.438 ...  0.955  0.     0.   ]
 [ 0.451 -0.565  0.738 ...  0.849  0.2    0.   ]]
Final encoded_tweets, after feature selection, shape: (285, 211)
Evaluating model...
ROC: 0.7088235294117647
Continued Avg: 0.6970192194293081
[[105  65]
 [ 23  92]]
Fold #: 9
features chosen shape: (2567, 11)
features before normalization: [[ 1.     0.     0.    ...  0.168  0.     0.   ]
 [ 2.     0.     0.    ...  0.     0.     0.   ]
 [ 1.     1.     0.    ... -0.776  1.     0.   ]
 ...
 [ 0.     0.     0.    ...  0.681  1.     0.   ]
 [ 1.     0.     1.    ... -0.402  0.     0.   ]
 [ 5.     0.     0.    ... -0.637  0.     1.   ]]
features after normalization: [[0.022 0.    0.    ... 0.588 0.    0.   ]
 [0.043 0.    0.    ... 0.503 0.    0.   ]
 [0.022 0.1   0.    ... 0.108 0.2   0.   ]
 ...
 [0.    0.    0.    ... 0.849 0.2   0.   ]
 [0.022 0.    0.143 ... 0.298 0.    0.   ]
 [0.109 0.    0.    ... 0.179 0.    0.2  ]]
encoded_tweets before tweets shape: (2567, 200)
before tweets extra_features shape: (2567, 11)
before encoded_tweets: [[ 0.055  0.086  0.733 ... -1.321 -1.431 -0.121]
 [-0.447  1.163 -0.198 ... -0.189  1.056 -0.527]
 [-1.348 -2.617  0.671 ...  2.989 -0.668 -4.317]
 ...
 [ 0.338 -0.586  0.781 ...  1.667 -0.048  0.744]
 [ 0.078 -2.635 -1.388 ... -0.726 -4.491 -0.953]
 [-0.464  0.129 -0.015 ... -0.115 -1.489 -0.048]]
final encoded_tweets shape: (2567, 211)
final encoded_tweets: [[ 0.055  0.086  0.733 ...  0.588  0.     0.   ]
 [-0.447  1.163 -0.198 ...  0.503  0.     0.   ]
 [-1.348 -2.617  0.671 ...  0.108  0.2    0.   ]
 ...
 [ 0.338 -0.586  0.781 ...  0.849  0.2    0.   ]
 [ 0.078 -2.635 -1.388 ...  0.298  0.     0.   ]
 [-0.464  0.129 -0.015 ...  0.179  0.     0.2  ]]
Final encoded_tweets, after feature selection, shape: (2567, 211)
features chosen shape: (285, 11)
features before normalization: [[ 1.     0.     0.    ... -0.582  1.     0.   ]
 [ 2.     0.     0.    ... -0.433  0.     0.   ]
 [ 5.     0.     0.    ... -0.883  0.     2.   ]
 ...
 [ 0.     0.     1.    ...  0.84   1.     0.   ]
 [ 1.     0.     0.    ...  0.     0.     0.   ]
 [ 0.     0.     0.    ... -0.202  0.     1.   ]]
features after normalization: [[0.022 0.    0.    ... 0.207 0.2   0.   ]
 [0.043 0.    0.    ... 0.282 0.    0.   ]
 [0.109 0.    0.    ... 0.053 0.    0.4  ]
 ...
 [0.    0.    0.143 ... 0.93  0.2   0.   ]
 [0.022 0.    0.    ... 0.503 0.    0.   ]
 [0.    0.    0.    ... 0.4   0.    0.2  ]]
encoded_tweets before tweets shape: (285, 200)
before tweets extra_features shape: (285, 11)
before encoded_tweets: [[ 0.232 -0.035  0.473 ...  0.169 -0.494  0.671]
 [ 0.838  0.094  0.296 ...  0.532  0.46   1.306]
 [-1.224 -0.556  1.099 ...  0.581  0.592 -1.332]
 ...
 [ 0.412  0.889 -0.771 ... -2.023  0.925 -1.203]
 [-1.953 -3.412  0.679 ...  0.96   0.595  0.893]
 [ 0.435  2.797  0.7   ...  0.547  1.62  -0.936]]
final encoded_tweets shape: (285, 211)
final encoded_tweets: [[ 0.232 -0.035  0.473 ...  0.207  0.2    0.   ]
 [ 0.838  0.094  0.296 ...  0.282  0.     0.   ]
 [-1.224 -0.556  1.099 ...  0.053  0.     0.4  ]
 ...
 [ 0.412  0.889 -0.771 ...  0.93   0.2    0.   ]
 [-1.953 -3.412  0.679 ...  0.503  0.     0.   ]
 [ 0.435  2.797  0.7   ...  0.4    0.     0.2  ]]
Final encoded_tweets, after feature selection, shape: (285, 211)
Evaluating model...
ROC: 0.7279135338345865
Continued Avg: 0.7004519210298946
[[ 99  53]
 [ 26 107]]
Fold #: 10
features chosen shape: (2567, 11)
features before normalization: [[ 1.     0.     0.    ...  0.168  0.     0.   ]
 [ 2.     0.     0.    ...  0.     0.     0.   ]
 [ 1.     1.     0.    ... -0.776  1.     0.   ]
 ...
 [ 0.     0.     0.    ...  0.681  1.     0.   ]
 [ 1.     0.     1.    ... -0.402  0.     0.   ]
 [ 5.     0.     0.    ... -0.637  0.     1.   ]]
features after normalization: [[0.022 0.    0.    ... 0.588 0.    0.   ]
 [0.043 0.    0.    ... 0.503 0.    0.   ]
 [0.022 0.1   0.    ... 0.108 0.2   0.   ]
 ...
 [0.    0.    0.    ... 0.849 0.2   0.   ]
 [0.022 0.    0.143 ... 0.298 0.    0.   ]
 [0.109 0.    0.    ... 0.179 0.    0.2  ]]
encoded_tweets before tweets shape: (2567, 200)
before tweets extra_features shape: (2567, 11)
before encoded_tweets: [[ 0.04   0.1    0.715 ... -1.297 -1.439 -0.121]
 [-0.434  1.167 -0.239 ... -0.197  1.002 -0.53 ]
 [-0.414 -1.565  0.594 ...  0.744  0.409 -3.56 ]
 ...
 [ 0.343 -0.58   0.753 ...  1.666 -0.097  0.774]
 [-0.204 -0.692 -0.124 ... -0.569 -0.179 -0.099]
 [-0.459  0.131 -0.045 ... -0.114 -1.527 -0.038]]
final encoded_tweets shape: (2567, 211)
final encoded_tweets: [[ 0.04   0.1    0.715 ...  0.588  0.     0.   ]
 [-0.434  1.167 -0.239 ...  0.503  0.     0.   ]
 [-0.414 -1.565  0.594 ...  0.108  0.2    0.   ]
 ...
 [ 0.343 -0.58   0.753 ...  0.849  0.2    0.   ]
 [-0.204 -0.692 -0.124 ...  0.298  0.     0.   ]
 [-0.459  0.131 -0.045 ...  0.179  0.     0.2  ]]
Final encoded_tweets, after feature selection, shape: (2567, 211)
features chosen shape: (285, 11)
features before normalization: [[ 4.     0.     0.    ... -0.71   0.     0.   ]
 [ 0.     0.     0.    ...  0.361  0.     0.   ]
 [ 0.     0.     0.    ... -0.706  0.     0.   ]
 ...
 [ 0.     0.     0.    ... -0.718  0.     0.   ]
 [ 0.     0.     0.    ... -0.599  0.     1.   ]
 [ 5.     1.     0.    ...  0.234  0.     0.   ]]
features after normalization: [[0.087 0.    0.    ... 0.142 0.    0.   ]
 [0.    0.    0.    ... 0.686 0.    0.   ]
 [0.    0.    0.    ... 0.144 0.    0.   ]
 ...
 [0.    0.    0.    ... 0.137 0.    0.   ]
 [0.    0.    0.    ... 0.198 0.    0.2  ]
 [0.109 0.1   0.    ... 0.621 0.    0.   ]]
encoded_tweets before tweets shape: (285, 200)
before tweets extra_features shape: (285, 11)
before encoded_tweets: [[-0.781  0.051 -0.209 ...  0.247 -0.296  0.209]
 [-0.188  0.16  -0.713 ... -0.674 -0.461  1.114]
 [-1.607  0.908  1.081 ...  0.078 -0.782 -0.217]
 ...
 [ 0.206 -0.726 -0.15  ... -0.797 -0.833  0.663]
 [ 1.293 -0.358 -1.575 ...  0.721 -0.711 -0.753]
 [-0.708  0.063  0.017 ...  0.055 -0.935  0.159]]
final encoded_tweets shape: (285, 211)
final encoded_tweets: [[-0.781  0.051 -0.209 ...  0.142  0.     0.   ]
 [-0.188  0.16  -0.713 ...  0.686  0.     0.   ]
 [-1.607  0.908  1.081 ...  0.144  0.     0.   ]
 ...
 [ 0.206 -0.726 -0.15  ...  0.137  0.     0.   ]
 [ 1.293 -0.358 -1.575 ...  0.198  0.     0.2  ]
 [-0.708  0.063  0.017 ...  0.621  0.     0.   ]]
Final encoded_tweets, after feature selection, shape: (285, 211)
Evaluating model...
ROC: 0.7155555555555555
Continued Avg: 0.7019622844824607
[[ 98  52]
 [ 30 105]]
Average Precision: 0.6142437986451484
Average Accuracy: 0.6917973254815359
Average Recall: 0.7752786387424452
Average F1-score: 0.6847694566700543
Average ROC:0.7019622844824607
