Fold #: 1
features chosen shape: (2566, 11)
features before normalization: [[ 1.     0.     0.    ...  0.168  0.     0.   ]
 [ 2.     0.     0.    ...  0.     0.     0.   ]
 [ 1.     1.     0.    ... -0.776  1.     0.   ]
 ...
 [ 0.     0.     0.    ...  0.681  1.     0.   ]
 [ 1.     0.     1.    ... -0.402  0.     0.   ]
 [ 5.     0.     0.    ... -0.637  0.     1.   ]]
features after normalization: [[0.022 0.    0.    ... 0.588 0.    0.   ]
 [0.043 0.    0.    ... 0.503 0.    0.   ]
 [0.022 0.1   0.    ... 0.108 0.2   0.   ]
 ...
 [0.    0.    0.    ... 0.849 0.2   0.   ]
 [0.022 0.    0.143 ... 0.298 0.    0.   ]
 [0.109 0.    0.    ... 0.179 0.    0.2  ]]
encoded_tweets before tweets shape: (2566, 100)
before tweets extra_features shape: (2566, 11)
before encoded_tweets: [[ 0.234  0.567  0.991 ... -0.2    0.077 -0.111]
 [-1.355  1.259  1.429 ... -1.393 -1.397 -0.112]
 [ 0.011 -0.424  0.113 ...  0.329  0.06   0.47 ]
 ...
 [-0.194  0.849 -1.835 ... -0.43  -0.837 -0.802]
 [-1.227  0.49  -0.012 ... -1.171 -1.242 -0.306]
 [-1.748  1.498  0.943 ... -2.034 -2.096 -0.705]]
final encoded_tweets shape: (2566, 111)
final encoded_tweets: [[ 0.234  0.567  0.991 ...  0.588  0.     0.   ]
 [-1.355  1.259  1.429 ...  0.503  0.     0.   ]
 [ 0.011 -0.424  0.113 ...  0.108  0.2    0.   ]
 ...
 [-0.194  0.849 -1.835 ...  0.849  0.2    0.   ]
 [-1.227  0.49  -0.012 ...  0.298  0.     0.   ]
 [-1.748  1.498  0.943 ...  0.179  0.     0.2  ]]
Final encoded_tweets, after feature selection, shape: (2566, 111)
features chosen shape: (286, 11)
features before normalization: [[ 0.     2.     0.    ...  0.647  0.     0.   ]
 [ 0.     0.     0.    ... -0.36   0.     1.   ]
 [ 0.     0.     0.    ... -0.414  2.     0.   ]
 ...
 [ 4.     0.     0.    ...  0.361  0.     0.   ]
 [ 1.     0.     0.    ...  0.     0.     0.   ]
 [ 1.     0.     0.    ...  0.574  0.     0.   ]]
features after normalization: [[0.    0.2   0.    ... 0.831 0.    0.   ]
 [0.    0.    0.    ... 0.32  0.    0.2  ]
 [0.    0.    0.    ... 0.292 0.4   0.   ]
 ...
 [0.087 0.    0.    ... 0.686 0.    0.   ]
 [0.022 0.    0.    ... 0.503 0.    0.   ]
 [0.022 0.    0.    ... 0.794 0.    0.   ]]
encoded_tweets before tweets shape: (286, 100)
before tweets extra_features shape: (286, 11)
before encoded_tweets: [[ 0.289  0.088 -1.094 ...  0.585  0.133  0.142]
 [ 0.832 -0.124  0.385 ...  0.353  0.113  0.578]
 [ 0.369 -0.076  0.177 ...  0.686  0.877  0.435]
 ...
 [-0.936 -1.607  2.106 ... -0.025  0.098  2.636]
 [ 0.652 -0.485 -1.044 ...  0.217  0.075 -0.889]
 [-0.173 -1.162  1.16  ...  0.604  0.649  1.955]]
final encoded_tweets shape: (286, 111)
final encoded_tweets: [[ 0.289  0.088 -1.094 ...  0.831  0.     0.   ]
 [ 0.832 -0.124  0.385 ...  0.32   0.     0.2  ]
 [ 0.369 -0.076  0.177 ...  0.292  0.4    0.   ]
 ...
 [-0.936 -1.607  2.106 ...  0.686  0.     0.   ]
 [ 0.652 -0.485 -1.044 ...  0.503  0.     0.   ]
 [-0.173 -1.162  1.16  ...  0.794  0.     0.   ]]
Final encoded_tweets, after feature selection, shape: (286, 111)
Evaluating model...
ROC: 0.7357469934081418
Continued Avg: 0.7357469934081418
[[104  63]
 [ 18 101]]
Fold #: 2
features chosen shape: (2566, 11)
features before normalization: [[ 1.     0.     0.    ...  0.168  0.     0.   ]
 [ 1.     1.     0.    ... -0.776  1.     0.   ]
 [ 1.     0.     0.    ... -0.582  1.     0.   ]
 ...
 [ 0.     0.     0.    ...  0.681  1.     0.   ]
 [ 1.     0.     1.    ... -0.402  0.     0.   ]
 [ 5.     0.     0.    ... -0.637  0.     1.   ]]
features after normalization: [[0.022 0.    0.    ... 0.591 0.    0.   ]
 [0.022 0.1   0.    ... 0.108 0.2   0.   ]
 [0.022 0.    0.    ... 0.208 0.2   0.   ]
 ...
 [0.    0.    0.    ... 0.852 0.2   0.   ]
 [0.022 0.    0.143 ... 0.3   0.    0.   ]
 [0.109 0.    0.    ... 0.179 0.    0.2  ]]
encoded_tweets before tweets shape: (2566, 100)
before tweets extra_features shape: (2566, 11)
before encoded_tweets: [[-0.326  0.45   0.989 ... -0.386 -0.387 -0.551]
 [ 0.053 -0.29   0.576 ...  0.723  0.185  0.104]
 [ 0.61   0.103  0.273 ...  0.12   0.31  -0.034]
 ...
 [ 0.553  1.092 -1.873 ... -0.539  0.211 -0.042]
 [-1.127  0.038 -0.199 ... -1.047 -1.012 -0.53 ]
 [-2.082  0.617  1.226 ... -2.153 -2.468 -1.609]]
final encoded_tweets shape: (2566, 111)
final encoded_tweets: [[-0.326  0.45   0.989 ...  0.591  0.     0.   ]
 [ 0.053 -0.29   0.576 ...  0.108  0.2    0.   ]
 [ 0.61   0.103  0.273 ...  0.208  0.2    0.   ]
 ...
 [ 0.553  1.092 -1.873 ...  0.852  0.2    0.   ]
 [-1.127  0.038 -0.199 ...  0.3    0.     0.   ]
 [-2.082  0.617  1.226 ...  0.179  0.     0.2  ]]
Final encoded_tweets, after feature selection, shape: (2566, 111)
features chosen shape: (286, 11)
features before normalization: [[ 2.     0.     0.    ...  0.     0.     0.   ]
 [ 0.     1.     1.    ... -0.316  0.     0.   ]
 [ 0.     2.     1.    ...  0.54   0.     0.   ]
 ...
 [ 1.     0.     0.    ... -0.612  0.     1.   ]
 [ 1.     0.     0.    ... -0.527  1.     0.   ]
 [ 0.     1.     0.    ...  0.341  1.     0.   ]]
features after normalization: [[0.043 0.    0.    ... 0.505 0.    0.   ]
 [0.    0.1   0.143 ... 0.343 0.    0.   ]
 [0.    0.2   0.143 ... 0.78  0.    0.   ]
 ...
 [0.022 0.    0.    ... 0.193 0.    0.2  ]
 [0.022 0.    0.    ... 0.236 0.2   0.   ]
 [0.    0.1   0.    ... 0.679 0.2   0.   ]]
encoded_tweets before tweets shape: (286, 100)
before tweets extra_features shape: (286, 11)
before encoded_tweets: [[-1.526  0.541  1.465 ... -1.014 -1.648 -1.09 ]
 [ 0.933 -1.767  1.885 ...  2.619  1.66   1.442]
 [ 0.795  0.144 -1.359 ... -0.232  0.432  0.341]
 ...
 [-0.081 -1.038  1.586 ...  0.41   0.054  0.032]
 [ 1.334 -0.563  0.033 ...  0.523  0.988 -0.805]
 [-0.032  0.888 -0.453 ... -0.5   -0.226 -0.35 ]]
final encoded_tweets shape: (286, 111)
final encoded_tweets: [[-1.526  0.541  1.465 ...  0.505  0.     0.   ]
 [ 0.933 -1.767  1.885 ...  0.343  0.     0.   ]
 [ 0.795  0.144 -1.359 ...  0.78   0.     0.   ]
 ...
 [-0.081 -1.038  1.586 ...  0.193  0.     0.2  ]
 [ 1.334 -0.563  0.033 ...  0.236  0.2    0.   ]
 [-0.032  0.888 -0.453 ...  0.679  0.2    0.   ]]
Final encoded_tweets, after feature selection, shape: (286, 111)
Evaluating model...
ROC: 0.7233743149163088
Continued Avg: 0.7295606541622253
[[103  54]
 [ 27 102]]
Fold #: 3
features chosen shape: (2567, 11)
features before normalization: [[ 1.     0.     0.    ...  0.168  0.     0.   ]
 [ 2.     0.     0.    ...  0.     0.     0.   ]
 [ 1.     0.     0.    ... -0.582  1.     0.   ]
 ...
 [ 0.     0.     1.    ...  0.89   0.     0.   ]
 [ 0.     0.     0.    ...  0.681  1.     0.   ]
 [ 5.     0.     0.    ... -0.637  0.     1.   ]]
features after normalization: [[0.037 0.    0.    ... 0.588 0.    0.   ]
 [0.074 0.    0.    ... 0.503 0.    0.   ]
 [0.037 0.    0.    ... 0.207 0.2   0.   ]
 ...
 [0.    0.    0.143 ... 0.955 0.    0.   ]
 [0.    0.    0.    ... 0.849 0.2   0.   ]
 [0.185 0.    0.    ... 0.179 0.    0.2  ]]
encoded_tweets before tweets shape: (2567, 100)
before tweets extra_features shape: (2567, 11)
before encoded_tweets: [[ 0.032 -0.489  1.352 ...  0.227 -0.056  0.366]
 [-1.608 -1.151  1.64  ... -0.928 -1.415  0.95 ]
 [ 0.715 -0.452  0.172 ...  0.273  0.31  -0.105]
 ...
 [ 0.659  1.109 -1.265 ... -0.393 -0.176 -1.399]
 [ 0.08   1.909 -1.794 ... -1.187 -0.752 -1.184]
 [-1.684 -0.963  1.332 ... -1.803 -2.171  0.266]]
final encoded_tweets shape: (2567, 111)
final encoded_tweets: [[ 0.032 -0.489  1.352 ...  0.588  0.     0.   ]
 [-1.608 -1.151  1.64  ...  0.503  0.     0.   ]
 [ 0.715 -0.452  0.172 ...  0.207  0.2    0.   ]
 ...
 [ 0.659  1.109 -1.265 ...  0.955  0.     0.   ]
 [ 0.08   1.909 -1.794 ...  0.849  0.2    0.   ]
 [-1.684 -0.963  1.332 ...  0.179  0.     0.2  ]]
Final encoded_tweets, after feature selection, shape: (2567, 111)
features chosen shape: (285, 11)
features before normalization: [[ 1.     1.     0.    ... -0.776  1.     0.   ]
 [ 5.     0.     0.    ... -0.735  0.     1.   ]
 [ 1.     0.     0.    ...  0.765  1.     0.   ]
 ...
 [ 0.     1.     0.    ...  0.38   0.     0.   ]
 [ 0.     0.     0.    ...  0.     0.     0.   ]
 [ 1.     0.     1.    ... -0.402  0.     0.   ]]
features after normalization: [[0.037 0.1   0.    ... 0.108 0.2   0.   ]
 [0.185 0.    0.    ... 0.129 0.    0.2  ]
 [0.037 0.    0.    ... 0.891 0.2   0.   ]
 ...
 [0.    0.1   0.    ... 0.696 0.    0.   ]
 [0.    0.    0.    ... 0.503 0.    0.   ]
 [0.037 0.    0.143 ... 0.298 0.    0.   ]]
encoded_tweets before tweets shape: (285, 100)
before tweets extra_features shape: (285, 11)
before encoded_tweets: [[-0.508 -0.65   0.528 ...  0.392  0.138  1.209]
 [-0.531 -0.896 -0.084 ...  0.343  0.224  0.926]
 [ 0.134  0.685 -0.684 ... -0.493 -0.267 -0.385]
 ...
 [ 0.089  0.603 -1.069 ... -0.373 -0.223 -0.847]
 [ 0.718  1.316 -0.069 ...  0.585  0.415 -0.755]
 [-3.227 -2.108  2.123 ... -3.548 -3.868  0.743]]
final encoded_tweets shape: (285, 111)
final encoded_tweets: [[-0.508 -0.65   0.528 ...  0.108  0.2    0.   ]
 [-0.531 -0.896 -0.084 ...  0.129  0.     0.2  ]
 [ 0.134  0.685 -0.684 ...  0.891  0.2    0.   ]
 ...
 [ 0.089  0.603 -1.069 ...  0.696  0.     0.   ]
 [ 0.718  1.316 -0.069 ...  0.503  0.     0.   ]
 [-3.227 -2.108  2.123 ...  0.298  0.     0.   ]]
Final encoded_tweets, after feature selection, shape: (285, 111)
Evaluating model...
ROC: 0.7455844155844156
Continued Avg: 0.734901907969622
[[113  62]
 [ 17  93]]
Fold #: 4
features chosen shape: (2567, 11)
features before normalization: [[ 1.     0.     0.    ...  0.168  0.     0.   ]
 [ 2.     0.     0.    ...  0.     0.     0.   ]
 [ 1.     1.     0.    ... -0.776  1.     0.   ]
 ...
 [ 0.     0.     0.    ...  0.681  1.     0.   ]
 [ 1.     0.     1.    ... -0.402  0.     0.   ]
 [ 5.     0.     0.    ... -0.637  0.     1.   ]]
features after normalization: [[0.022 0.    0.    ... 0.588 0.    0.   ]
 [0.043 0.    0.    ... 0.503 0.    0.   ]
 [0.022 0.1   0.    ... 0.108 0.2   0.   ]
 ...
 [0.    0.    0.    ... 0.849 0.2   0.   ]
 [0.022 0.    0.143 ... 0.298 0.    0.   ]
 [0.109 0.    0.    ... 0.179 0.    0.2  ]]
encoded_tweets before tweets shape: (2567, 100)
before tweets extra_features shape: (2567, 11)
before encoded_tweets: [[-0.543 -0.707  1.092 ...  0.422 -0.4   -0.149]
 [-1.773 -1.488  1.165 ... -0.562 -1.811 -0.662]
 [-0.514 -0.389  0.934 ... -0.212 -0.307  0.536]
 ...
 [ 0.328  1.04  -2.048 ... -1.568 -0.057  0.114]
 [-3.113 -2.997  0.927 ... -3.411 -3.638 -1.559]
 [-1.82  -1.68   0.549 ... -1.566 -2.132 -1.084]]
final encoded_tweets shape: (2567, 111)
final encoded_tweets: [[-0.543 -0.707  1.092 ...  0.588  0.     0.   ]
 [-1.773 -1.488  1.165 ...  0.503  0.     0.   ]
 [-0.514 -0.389  0.934 ...  0.108  0.2    0.   ]
 ...
 [ 0.328  1.04  -2.048 ...  0.849  0.2    0.   ]
 [-3.113 -2.997  0.927 ...  0.298  0.     0.   ]
 [-1.82  -1.68   0.549 ...  0.179  0.     0.2  ]]
Final encoded_tweets, after feature selection, shape: (2567, 111)
features chosen shape: (285, 11)
features before normalization: [[ 1.     1.     0.    ...  0.944  0.     0.   ]
 [ 0.     0.     0.    ...  0.361  0.     0.   ]
 [ 4.     0.     0.    ... -0.89   0.     1.   ]
 ...
 [ 0.     0.     0.    ... -0.836  0.     1.   ]
 [ 3.     0.     0.    ... -0.755  0.     2.   ]
 [ 2.     2.     0.    ... -0.433  0.     1.   ]]
features after normalization: [[0.022 0.1   0.    ... 0.982 0.    0.   ]
 [0.    0.    0.    ... 0.686 0.    0.   ]
 [0.087 0.    0.    ... 0.05  0.    0.2  ]
 ...
 [0.    0.    0.    ... 0.078 0.    0.2  ]
 [0.065 0.    0.    ... 0.119 0.    0.4  ]
 [0.043 0.2   0.    ... 0.282 0.    0.2  ]]
encoded_tweets before tweets shape: (285, 100)
before tweets extra_features shape: (285, 11)
before encoded_tweets: [[ 0.491  0.913 -1.329 ... -0.59   0.141  0.286]
 [ 0.67   1.324 -2.18  ... -1.108  0.2    0.357]
 [-0.84  -0.692  0.762 ... -0.119 -0.662  0.007]
 ...
 [ 1.241  0.97  -0.791 ...  0.768  1.221  0.661]
 [ 0.909  0.232 -0.494 ...  0.453  0.926  0.157]
 [-0.069 -0.15   0.164 ...  0.103 -0.234 -0.315]]
final encoded_tweets shape: (285, 111)
final encoded_tweets: [[ 0.491  0.913 -1.329 ...  0.982  0.     0.   ]
 [ 0.67   1.324 -2.18  ...  0.686  0.     0.   ]
 [-0.84  -0.692  0.762 ...  0.05   0.     0.2  ]
 ...
 [ 1.241  0.97  -0.791 ...  0.078  0.     0.2  ]
 [ 0.909  0.232 -0.494 ...  0.119  0.     0.4  ]
 [-0.069 -0.15   0.164 ...  0.282  0.     0.2  ]]
Final encoded_tweets, after feature selection, shape: (285, 111)
Evaluating model...
ROC: 0.729484875711291
Continued Avg: 0.7335476499050392
[[102  57]
 [ 23 103]]
Fold #: 5
features chosen shape: (2567, 11)
features before normalization: [[ 1.     0.     0.    ...  0.168  0.     0.   ]
 [ 2.     0.     0.    ...  0.     0.     0.   ]
 [ 1.     1.     0.    ... -0.776  1.     0.   ]
 ...
 [ 0.     0.     0.    ...  0.681  1.     0.   ]
 [ 1.     0.     1.    ... -0.402  0.     0.   ]
 [ 5.     0.     0.    ... -0.637  0.     1.   ]]
features after normalization: [[0.022 0.    0.    ... 0.588 0.    0.   ]
 [0.043 0.    0.    ... 0.503 0.    0.   ]
 [0.022 0.1   0.    ... 0.108 0.2   0.   ]
 ...
 [0.    0.    0.    ... 0.849 0.2   0.   ]
 [0.022 0.    0.143 ... 0.298 0.    0.   ]
 [0.109 0.    0.    ... 0.179 0.    0.2  ]]
encoded_tweets before tweets shape: (2567, 100)
before tweets extra_features shape: (2567, 11)
before encoded_tweets: [[-0.387 -0.036  1.017 ...  0.223  0.174 -1.062]
 [-1.754 -0.968  1.618 ... -0.848 -0.995 -1.4  ]
 [-0.517 -0.983  0.908 ... -0.025  0.169  0.066]
 ...
 [ 0.64   1.518 -1.71  ... -0.989 -0.94   1.015]
 [-0.854 -0.348  0.05  ... -1.249 -1.239  0.041]
 [-1.974 -0.836  1.409 ... -1.79  -2.002 -1.518]]
final encoded_tweets shape: (2567, 111)
final encoded_tweets: [[-0.387 -0.036  1.017 ...  0.588  0.     0.   ]
 [-1.754 -0.968  1.618 ...  0.503  0.     0.   ]
 [-0.517 -0.983  0.908 ...  0.108  0.2    0.   ]
 ...
 [ 0.64   1.518 -1.71  ...  0.849  0.2    0.   ]
 [-0.854 -0.348  0.05  ...  0.298  0.     0.   ]
 [-1.974 -0.836  1.409 ...  0.179  0.     0.2  ]]
Final encoded_tweets, after feature selection, shape: (2567, 111)
features chosen shape: (285, 11)
features before normalization: [[ 0.     0.     0.    ...  0.169  0.     2.   ]
 [ 1.     2.     0.    ...  0.82   0.     0.   ]
 [ 0.     0.     0.    ...  0.     0.     0.   ]
 ...
 [ 0.     0.     0.    ...  0.     0.     0.   ]
 [ 0.     0.     0.    ...  0.     0.     0.   ]
 [ 3.     4.     0.    ... -0.625  0.     0.   ]]
features after normalization: [[0.    0.    0.    ... 0.588 0.    0.4  ]
 [0.022 0.2   0.    ... 0.919 0.    0.   ]
 [0.    0.    0.    ... 0.503 0.    0.   ]
 ...
 [0.    0.    0.    ... 0.503 0.    0.   ]
 [0.    0.    0.    ... 0.503 0.    0.   ]
 [0.065 0.4   0.    ... 0.185 0.    0.   ]]
encoded_tweets before tweets shape: (285, 100)
before tweets extra_features shape: (285, 11)
before encoded_tweets: [[ 0.612  0.306 -0.644 ...  0.769  0.661  1.01 ]
 [ 0.542  0.579 -0.463 ... -0.33  -0.511 -0.624]
 [ 0.855  1.034 -1.155 ...  0.564  0.418  1.548]
 ...
 [ 1.286  1.731 -1.961 ...  0.354  0.123  1.186]
 [-1.47  -1.173  1.637 ...  0.246 -0.025 -1.291]
 [-0.671 -0.003  0.35  ... -0.768 -0.81  -0.637]]
final encoded_tweets shape: (285, 111)
final encoded_tweets: [[ 0.612  0.306 -0.644 ...  0.588  0.     0.4  ]
 [ 0.542  0.579 -0.463 ...  0.919  0.     0.   ]
 [ 0.855  1.034 -1.155 ...  0.503  0.     0.   ]
 ...
 [ 1.286  1.731 -1.961 ...  0.503  0.     0.   ]
 [-1.47  -1.173  1.637 ...  0.503  0.     0.   ]
 [-0.671 -0.003  0.35  ...  0.185  0.     0.   ]]
Final encoded_tweets, after feature selection, shape: (285, 111)
Evaluating model...
ROC: 0.726375
Continued Avg: 0.7321131199240314
[[107  53]
 [ 27  98]]
Fold #: 6
features chosen shape: (2567, 11)
features before normalization: [[ 1.     0.     0.    ...  0.168  0.     0.   ]
 [ 2.     0.     0.    ...  0.     0.     0.   ]
 [ 1.     1.     0.    ... -0.776  1.     0.   ]
 ...
 [ 0.     0.     0.    ...  0.681  1.     0.   ]
 [ 1.     0.     1.    ... -0.402  0.     0.   ]
 [ 5.     0.     0.    ... -0.637  0.     1.   ]]
features after normalization: [[0.022 0.    0.    ... 0.588 0.    0.   ]
 [0.043 0.    0.    ... 0.503 0.    0.   ]
 [0.022 0.1   0.    ... 0.108 0.2   0.   ]
 ...
 [0.    0.    0.    ... 0.849 0.2   0.   ]
 [0.022 0.    0.143 ... 0.298 0.    0.   ]
 [0.109 0.    0.    ... 0.179 0.    0.2  ]]
encoded_tweets before tweets shape: (2567, 100)
before tweets extra_features shape: (2567, 11)
before encoded_tweets: [[-0.369 -0.231  1.075 ...  0.051 -0.096 -0.531]
 [-1.812 -0.465  1.823 ... -0.703 -1.316 -0.465]
 [-0.773 -1.525  1.241 ...  0.363  0.209  0.634]
 ...
 [ 0.643  1.932 -1.602 ... -1.273 -0.936 -0.394]
 [-0.877  0.177  0.193 ... -1.081 -1.174 -0.217]
 [-1.918  0.06   1.59  ... -1.935 -2.434 -1.179]]
final encoded_tweets shape: (2567, 111)
final encoded_tweets: [[-0.369 -0.231  1.075 ...  0.588  0.     0.   ]
 [-1.812 -0.465  1.823 ...  0.503  0.     0.   ]
 [-0.773 -1.525  1.241 ...  0.108  0.2    0.   ]
 ...
 [ 0.643  1.932 -1.602 ...  0.849  0.2    0.   ]
 [-0.877  0.177  0.193 ...  0.298  0.     0.   ]
 [-1.918  0.06   1.59  ...  0.179  0.     0.2  ]]
Final encoded_tweets, after feature selection, shape: (2567, 111)
features chosen shape: (285, 11)
features before normalization: [[ 0.     0.     0.    ...  0.586  0.     0.   ]
 [ 2.     0.     0.    ...  0.137  0.     0.   ]
 [ 0.     0.     0.    ... -0.844  0.     2.   ]
 ...
 [ 0.     0.     0.    ... -0.052  0.     0.   ]
 [ 1.     0.     0.    ...  0.459  0.     0.   ]
 [ 1.     1.     0.    ... -0.611  0.     1.   ]]
features after normalization: [[0.    0.    0.    ... 0.8   0.    0.   ]
 [0.043 0.    0.    ... 0.572 0.    0.   ]
 [0.    0.    0.    ... 0.073 0.    0.4  ]
 ...
 [0.    0.    0.    ... 0.476 0.    0.   ]
 [0.022 0.    0.    ... 0.736 0.    0.   ]
 [0.022 0.1   0.    ... 0.192 0.    0.2  ]]
encoded_tweets before tweets shape: (285, 100)
before tweets extra_features shape: (285, 11)
before encoded_tweets: [[ 0.67   0.354 -0.515 ...  0.497  0.436 -0.174]
 [ 0.446 -0.528 -0.351 ...  0.341  0.622  0.065]
 [ 0.085  0.406 -0.085 ...  0.618  0.592  0.154]
 ...
 [ 0.035  0.259 -0.125 ...  0.294  0.094 -0.102]
 [-0.161  1.115 -0.253 ... -0.975 -1.01  -0.479]
 [-1.153 -1.573  2.343 ... -0.439 -0.57  -0.611]]
final encoded_tweets shape: (285, 111)
final encoded_tweets: [[ 0.67   0.354 -0.515 ...  0.8    0.     0.   ]
 [ 0.446 -0.528 -0.351 ...  0.572  0.     0.   ]
 [ 0.085  0.406 -0.085 ...  0.073  0.     0.4  ]
 ...
 [ 0.035  0.259 -0.125 ...  0.476  0.     0.   ]
 [-0.161  1.115 -0.253 ...  0.736  0.     0.   ]
 [-1.153 -1.573  2.343 ...  0.192  0.     0.2  ]]
Final encoded_tweets, after feature selection, shape: (285, 111)
Evaluating model...
ROC: 0.6785606744956338
Continued Avg: 0.7231877123526318
[[100  62]
 [ 32  91]]
Fold #: 7
features chosen shape: (2567, 11)
features before normalization: [[ 2.     0.     0.    ...  0.     0.     0.   ]
 [ 1.     1.     0.    ... -0.776  1.     0.   ]
 [ 1.     0.     0.    ... -0.582  1.     0.   ]
 ...
 [ 0.     0.     1.    ...  0.89   0.     0.   ]
 [ 0.     0.     0.    ...  0.681  1.     0.   ]
 [ 1.     0.     1.    ... -0.402  0.     0.   ]]
features after normalization: [[0.043 0.    0.    ... 0.5   0.    0.   ]
 [0.022 0.1   0.    ... 0.103 0.25  0.   ]
 [0.022 0.    0.    ... 0.203 0.25  0.   ]
 ...
 [0.    0.    0.143 ... 0.955 0.    0.   ]
 [0.    0.    0.    ... 0.848 0.25  0.   ]
 [0.022 0.    0.143 ... 0.295 0.    0.   ]]
encoded_tweets before tweets shape: (2567, 100)
before tweets extra_features shape: (2567, 11)
before encoded_tweets: [[-1.75   0.302  1.63  ... -0.695 -1.643 -0.061]
 [-0.19   0.882  0.331 ...  0.483  0.521  0.654]
 [ 0.425 -0.477  0.004 ...  0.336  0.198 -0.028]
 ...
 [ 1.177 -0.744 -0.988 ... -0.425  0.228 -0.998]
 [ 0.745 -0.14  -1.332 ... -1.579 -0.474 -1.216]
 [-0.655 -0.685  0.267 ... -1.213 -1.033 -0.444]]
final encoded_tweets shape: (2567, 111)
final encoded_tweets: [[-1.75   0.302  1.63  ...  0.5    0.     0.   ]
 [-0.19   0.882  0.331 ...  0.103  0.25   0.   ]
 [ 0.425 -0.477  0.004 ...  0.203  0.25   0.   ]
 ...
 [ 1.177 -0.744 -0.988 ...  0.955  0.     0.   ]
 [ 0.745 -0.14  -1.332 ...  0.848  0.25   0.   ]
 [-0.655 -0.685  0.267 ...  0.295  0.     0.   ]]
Final encoded_tweets, after feature selection, shape: (2567, 111)
features chosen shape: (285, 11)
features before normalization: [[ 1.     0.     0.    ...  0.168  0.     0.   ]
 [ 2.     0.     0.    ... -0.511  0.     0.   ]
 [ 0.     0.     0.    ... -0.612  0.     0.   ]
 ...
 [ 1.     0.     0.    ...  0.66   0.     0.   ]
 [ 0.     0.     1.    ...  0.572  0.     0.   ]
 [ 5.     0.     0.    ... -0.637  0.     1.   ]]
features after normalization: [[0.022 0.    0.    ... 0.586 0.    0.   ]
 [0.043 0.    0.    ... 0.239 0.    0.   ]
 [0.    0.    0.    ... 0.187 0.    0.   ]
 ...
 [0.022 0.    0.    ... 0.837 0.    0.   ]
 [0.    0.    0.143 ... 0.792 0.    0.   ]
 [0.109 0.    0.    ... 0.174 0.    0.2  ]]
encoded_tweets before tweets shape: (285, 100)
before tweets extra_features shape: (285, 11)
before encoded_tweets: [[-0.522 -0.161  1.009 ...  0.292 -0.722 -0.012]
 [-0.772 -0.786  0.548 ... -1.159 -1.336 -0.518]
 [ 0.151  0.398 -0.318 ...  1.318  1.189  1.092]
 ...
 [ 0.491 -0.629 -0.41  ... -0.859 -0.377 -0.753]
 [ 1.06  -0.072 -1.261 ... -1.497 -0.083 -1.348]
 [-2.012 -1.029  1.885 ... -2.234 -2.938 -0.643]]
final encoded_tweets shape: (285, 111)
final encoded_tweets: [[-0.522 -0.161  1.009 ...  0.586  0.     0.   ]
 [-0.772 -0.786  0.548 ...  0.239  0.     0.   ]
 [ 0.151  0.398 -0.318 ...  0.187  0.     0.   ]
 ...
 [ 0.491 -0.629 -0.41  ...  0.837  0.     0.   ]
 [ 1.06  -0.072 -1.261 ...  0.792  0.     0.   ]
 [-2.012 -1.029  1.885 ...  0.174  0.     0.2  ]]
Final encoded_tweets, after feature selection, shape: (285, 111)
Evaluating model...
ROC: 0.7518939393939392
Continued Avg: 0.7272886019299615
[[112  53]
 [ 21  99]]
Fold #: 8
features chosen shape: (2567, 11)
features before normalization: [[ 1.     0.     0.    ...  0.168  0.     0.   ]
 [ 2.     0.     0.    ...  0.     0.     0.   ]
 [ 1.     1.     0.    ... -0.776  1.     0.   ]
 ...
 [ 0.     0.     0.    ...  0.     0.     0.   ]
 [ 1.     0.     1.    ... -0.402  0.     0.   ]
 [ 5.     0.     0.    ... -0.637  0.     1.   ]]
features after normalization: [[0.022 0.    0.    ... 0.588 0.    0.   ]
 [0.043 0.    0.    ... 0.503 0.    0.   ]
 [0.022 0.1   0.    ... 0.108 0.2   0.   ]
 ...
 [0.    0.    0.    ... 0.503 0.    0.   ]
 [0.022 0.    0.143 ... 0.298 0.    0.   ]
 [0.109 0.    0.    ... 0.179 0.    0.25 ]]
encoded_tweets before tweets shape: (2567, 100)
before tweets extra_features shape: (2567, 11)
before encoded_tweets: [[-0.233 -1.068  0.871 ...  0.222 -0.143 -0.78 ]
 [-1.745 -0.562  1.538 ... -0.761 -1.623 -1.049]
 [-0.201  1.293  0.418 ...  0.445  0.218  0.734]
 ...
 [ 0.625  0.419 -0.05  ...  1.125  0.679 -0.851]
 [-1.183  0.696 -0.003 ... -1.401 -1.244 -0.325]
 [-1.815 -0.638  1.019 ... -1.65  -2.155 -1.438]]
final encoded_tweets shape: (2567, 111)
final encoded_tweets: [[-0.233 -1.068  0.871 ...  0.588  0.     0.   ]
 [-1.745 -0.562  1.538 ...  0.503  0.     0.   ]
 [-0.201  1.293  0.418 ...  0.108  0.2    0.   ]
 ...
 [ 0.625  0.419 -0.05  ...  0.503  0.     0.   ]
 [-1.183  0.696 -0.003 ...  0.298  0.     0.   ]
 [-1.815 -0.638  1.019 ...  0.179  0.     0.25 ]]
Final encoded_tweets, after feature selection, shape: (2567, 111)
features chosen shape: (285, 11)
features before normalization: [[1.    0.    0.    ... 0.    1.    0.   ]
 [0.    0.    0.    ... 0.    0.    0.   ]
 [0.    0.    0.    ... 0.    0.    0.   ]
 ...
 [0.    0.    0.    ... 0.    0.    0.   ]
 [0.    0.    1.    ... 0.89  0.    0.   ]
 [0.    0.    0.    ... 0.681 1.    0.   ]]
features after normalization: [[0.022 0.    0.    ... 0.503 0.2   0.   ]
 [0.    0.    0.    ... 0.503 0.    0.   ]
 [0.    0.    0.    ... 0.503 0.    0.   ]
 ...
 [0.    0.    0.    ... 0.503 0.    0.   ]
 [0.    0.    0.143 ... 0.955 0.    0.   ]
 [0.    0.    0.    ... 0.849 0.2   0.   ]]
encoded_tweets before tweets shape: (285, 100)
before tweets extra_features shape: (285, 11)
before encoded_tweets: [[ 0.439  0.276 -0.861 ... -0.294  0.047 -0.281]
 [ 0.526  1.444 -1.254 ... -0.061  0.451  0.937]
 [-0.139 -0.311 -0.174 ...  0.142 -0.097  0.027]
 ...
 [ 0.85   1.458 -1.49  ...  0.649  1.207  1.374]
 [ 0.857  0.064 -1.045 ...  0.109  0.325 -0.324]
 [ 0.216  2.508 -1.942 ... -0.716 -0.149  0.129]]
final encoded_tweets shape: (285, 111)
final encoded_tweets: [[ 0.439  0.276 -0.861 ...  0.503  0.2    0.   ]
 [ 0.526  1.444 -1.254 ...  0.503  0.     0.   ]
 [-0.139 -0.311 -0.174 ...  0.503  0.     0.   ]
 ...
 [ 0.85   1.458 -1.49  ...  0.503  0.     0.   ]
 [ 0.857  0.064 -1.045 ...  0.955  0.     0.   ]
 [ 0.216  2.508 -1.942 ...  0.849  0.2    0.   ]]
Final encoded_tweets, after feature selection, shape: (285, 111)
Evaluating model...
ROC: 0.6823529411764706
Continued Avg: 0.7216716443357751
[[96 74]
 [23 92]]
Fold #: 9
features chosen shape: (2567, 11)
features before normalization: [[ 1.     0.     0.    ...  0.168  0.     0.   ]
 [ 2.     0.     0.    ...  0.     0.     0.   ]
 [ 1.     1.     0.    ... -0.776  1.     0.   ]
 ...
 [ 0.     0.     0.    ...  0.681  1.     0.   ]
 [ 1.     0.     1.    ... -0.402  0.     0.   ]
 [ 5.     0.     0.    ... -0.637  0.     1.   ]]
features after normalization: [[0.022 0.    0.    ... 0.588 0.    0.   ]
 [0.043 0.    0.    ... 0.503 0.    0.   ]
 [0.022 0.1   0.    ... 0.108 0.2   0.   ]
 ...
 [0.    0.    0.    ... 0.849 0.2   0.   ]
 [0.022 0.    0.143 ... 0.298 0.    0.   ]
 [0.109 0.    0.    ... 0.179 0.    0.2  ]]
encoded_tweets before tweets shape: (2567, 100)
before tweets extra_features shape: (2567, 11)
before encoded_tweets: [[-0.507  1.156  1.07  ...  0.02  -0.396 -0.548]
 [-1.817  1.649  1.532 ... -0.956 -1.634 -1.542]
 [-0.37  -0.043  0.936 ...  0.156 -0.285  0.289]
 ...
 [ 0.207  0.262 -1.877 ... -1.111 -0.265  0.112]
 [-0.98   0.342  0.058 ... -1.103 -0.999 -0.6  ]
 [-2.317  1.558  1.326 ... -1.94  -2.371 -2.066]]
final encoded_tweets shape: (2567, 111)
final encoded_tweets: [[-0.507  1.156  1.07  ...  0.588  0.     0.   ]
 [-1.817  1.649  1.532 ...  0.503  0.     0.   ]
 [-0.37  -0.043  0.936 ...  0.108  0.2    0.   ]
 ...
 [ 0.207  0.262 -1.877 ...  0.849  0.2    0.   ]
 [-0.98   0.342  0.058 ...  0.298  0.     0.   ]
 [-2.317  1.558  1.326 ...  0.179  0.     0.2  ]]
Final encoded_tweets, after feature selection, shape: (2567, 111)
features chosen shape: (285, 11)
features before normalization: [[ 1.     0.     0.    ... -0.582  1.     0.   ]
 [ 2.     0.     0.    ... -0.433  0.     0.   ]
 [ 5.     0.     0.    ... -0.883  0.     2.   ]
 ...
 [ 0.     0.     1.    ...  0.84   1.     0.   ]
 [ 1.     0.     0.    ...  0.     0.     0.   ]
 [ 0.     0.     0.    ... -0.202  0.     1.   ]]
features after normalization: [[0.022 0.    0.    ... 0.207 0.2   0.   ]
 [0.043 0.    0.    ... 0.282 0.    0.   ]
 [0.109 0.    0.    ... 0.053 0.    0.4  ]
 ...
 [0.    0.    0.143 ... 0.93  0.2   0.   ]
 [0.022 0.    0.    ... 0.503 0.    0.   ]
 [0.    0.    0.    ... 0.4   0.    0.2  ]]
encoded_tweets before tweets shape: (285, 100)
before tweets extra_features shape: (285, 11)
before encoded_tweets: [[ 0.329 -0.339  0.259 ...  0.173  0.129 -0.228]
 [-0.352 -0.433  1.14  ... -0.383 -0.547 -0.702]
 [ 0.267 -0.267 -0.347 ...  0.048  0.125 -0.238]
 ...
 [ 0.349 -0.635 -0.711 ...  0.298  0.376  1.022]
 [ 1.632 -0.523 -1.696 ...  0.986  1.591  1.084]
 [ 1.257 -0.563 -1.183 ...  0.933  1.335  1.321]]
final encoded_tweets shape: (285, 111)
final encoded_tweets: [[ 0.329 -0.339  0.259 ...  0.207  0.2    0.   ]
 [-0.352 -0.433  1.14  ...  0.282  0.     0.   ]
 [ 0.267 -0.267 -0.347 ...  0.053  0.     0.4  ]
 ...
 [ 0.349 -0.635 -0.711 ...  0.93   0.2    0.   ]
 [ 1.632 -0.523 -1.696 ...  0.503  0.     0.   ]
 [ 1.257 -0.563 -1.183 ...  0.4    0.     0.2  ]]
Final encoded_tweets, after feature selection, shape: (285, 111)
Evaluating model...
ROC: 0.7664473684210525
Continued Avg: 0.7266467247896948
[[105  47]
 [ 21 112]]
Fold #: 10
features chosen shape: (2567, 11)
features before normalization: [[ 1.     0.     0.    ...  0.168  0.     0.   ]
 [ 2.     0.     0.    ...  0.     0.     0.   ]
 [ 1.     1.     0.    ... -0.776  1.     0.   ]
 ...
 [ 0.     0.     0.    ...  0.681  1.     0.   ]
 [ 1.     0.     1.    ... -0.402  0.     0.   ]
 [ 5.     0.     0.    ... -0.637  0.     1.   ]]
features after normalization: [[0.022 0.    0.    ... 0.588 0.    0.   ]
 [0.043 0.    0.    ... 0.503 0.    0.   ]
 [0.022 0.1   0.    ... 0.108 0.2   0.   ]
 ...
 [0.    0.    0.    ... 0.849 0.2   0.   ]
 [0.022 0.    0.143 ... 0.298 0.    0.   ]
 [0.109 0.    0.    ... 0.179 0.    0.2  ]]
encoded_tweets before tweets shape: (2567, 100)
before tweets extra_features shape: (2567, 11)
before encoded_tweets: [[-0.073 -0.33   0.962 ... -0.119 -0.271 -0.417]
 [-1.364 -0.752  1.56  ... -1.335 -1.404 -1.112]
 [-0.043 -0.575  0.98  ...  0.39   0.68   0.788]
 ...
 [-0.202  1.573 -1.729 ... -0.625 -0.524 -0.511]
 [-2.715 -1.173  1.735 ... -3.594 -3.521 -2.902]
 [-1.66  -0.617  1.029 ... -1.959 -2.012 -1.676]]
final encoded_tweets shape: (2567, 111)
final encoded_tweets: [[-0.073 -0.33   0.962 ...  0.588  0.     0.   ]
 [-1.364 -0.752  1.56  ...  0.503  0.     0.   ]
 [-0.043 -0.575  0.98  ...  0.108  0.2    0.   ]
 ...
 [-0.202  1.573 -1.729 ...  0.849  0.2    0.   ]
 [-2.715 -1.173  1.735 ...  0.298  0.     0.   ]
 [-1.66  -0.617  1.029 ...  0.179  0.     0.2  ]]
Final encoded_tweets, after feature selection, shape: (2567, 111)
features chosen shape: (285, 11)
features before normalization: [[ 4.     0.     0.    ... -0.71   0.     0.   ]
 [ 0.     0.     0.    ...  0.361  0.     0.   ]
 [ 0.     0.     0.    ... -0.706  0.     0.   ]
 ...
 [ 0.     0.     0.    ... -0.718  0.     0.   ]
 [ 0.     0.     0.    ... -0.599  0.     1.   ]
 [ 5.     1.     0.    ...  0.234  0.     0.   ]]
features after normalization: [[0.087 0.    0.    ... 0.142 0.    0.   ]
 [0.    0.    0.    ... 0.686 0.    0.   ]
 [0.    0.    0.    ... 0.144 0.    0.   ]
 ...
 [0.    0.    0.    ... 0.137 0.    0.   ]
 [0.    0.    0.    ... 0.198 0.    0.2  ]
 [0.109 0.1   0.    ... 0.621 0.    0.   ]]
encoded_tweets before tweets shape: (285, 100)
before tweets extra_features shape: (285, 11)
before encoded_tweets: [[-0.843 -0.503  0.667 ... -0.777 -0.914 -0.732]
 [-1.561 -0.894  1.778 ... -1.149 -1.31  -1.118]
 [-0.738 -0.226  0.114 ... -0.017 -0.256  0.035]
 ...
 [ 0.637  0.468 -0.478 ...  0.95   0.796  0.658]
 [ 1.003  0.658 -0.34  ...  0.358  0.089 -0.226]
 [-0.651 -0.484  0.74  ... -0.529 -0.645 -0.556]]
final encoded_tweets shape: (285, 111)
final encoded_tweets: [[-0.843 -0.503  0.667 ...  0.142  0.     0.   ]
 [-1.561 -0.894  1.778 ...  0.686  0.     0.   ]
 [-0.738 -0.226  0.114 ...  0.144  0.     0.   ]
 ...
 [ 0.637  0.468 -0.478 ...  0.137  0.     0.   ]
 [ 1.003  0.658 -0.34  ...  0.198  0.     0.2  ]
 [-0.651 -0.484  0.74  ...  0.621  0.     0.   ]]
Final encoded_tweets, after feature selection, shape: (285, 111)
Evaluating model...
ROC: 0.7677777777777778
Continued Avg: 0.7307598300885031
[[107  43]
 [ 24 111]]
Average Precision: 0.6387942070175416
Average Accuracy: 0.719146117040854
Average Recall: 0.8115516916885888
Average F1-score: 0.7139336947105832
Average ROC:0.7307598300885031
